        * /home/saurabh/esim-workspace/cmos_nand_gate/cmos_nand_gate.cir
        Transient Analysis  Thu Jan 15 12:14:22  2026
--------------------------------------------------------------------------------
Index   time            v.x1.v1#branch  v1#branch       v2#branch       
--------------------------------------------------------------------------------
0	0.000000e+00	-7.15957e-12	0.000000e+00	0.000000e+00	
1	1.000000e-06	1.265069e-09	-7.14806e-10	-7.14809e-10	
2	2.000000e-06	1.264328e-09	-7.25936e-10	-7.25940e-10	
3	4.000000e-06	9.912477e-10	-7.98741e-10	-7.98773e-10	
4	8.000000e-06	-6.77268e-08	-6.87176e-10	-6.90191e-10	
5	1.600000e-05	-1.54292e-05	-9.26898e-10	-9.96062e-10	
6	2.833944e-05	-9.52763e-05	-7.53277e-10	-7.77104e-10	
7	4.900722e-05	-2.80412e-04	-9.77491e-10	-1.04803e-09	
8	9.034278e-05	-2.47270e-06	-1.40638e-09	-1.07828e-09	
9	1.000000e-04	1.811073e-10	2.665180e-10	-5.71475e-11	
10	1.013655e-04	-2.95244e-11	9.906420e-15	5.107417e-15	
11	1.040965e-04	-2.95244e-11	-9.90603e-15	-5.10721e-15	
12	1.095584e-04	-2.95244e-11	9.905860e-15	5.107112e-15	
13	1.204823e-04	-2.95246e-11	-9.90577e-15	-5.10706e-15	
14	1.423302e-04	-2.95246e-11	9.905726e-15	5.107040e-15	
15	1.860258e-04	-2.95248e-11	-9.90570e-15	-5.10703e-15	
16	2.734171e-04	-2.95246e-11	9.905692e-15	5.107022e-15	
17	3.734171e-04	-2.95242e-11	-9.90568e-15	-5.10702e-15	
18	4.734171e-04	-2.95242e-11	9.905673e-15	5.107011e-15	
19	5.734171e-04	-2.95242e-11	-9.90566e-15	-5.10701e-15	
20	6.734171e-04	-2.95242e-11	9.905653e-15	5.107000e-15	
21	7.734171e-04	-2.95242e-11	-9.90564e-15	-5.10700e-15	
22	8.734171e-04	-2.95242e-11	9.905634e-15	5.106990e-15	
23	9.734171e-04	-2.95242e-11	-9.90562e-15	-5.10698e-15	
24	1.073417e-03	-2.95242e-11	9.905614e-15	5.106979e-15	
25	1.173417e-03	-2.95242e-11	-9.90560e-15	-5.10697e-15	
26	1.273417e-03	-2.95242e-11	9.905595e-15	5.106969e-15	
27	1.373417e-03	-2.95242e-11	-9.90558e-15	-5.10696e-15	
28	1.473417e-03	-2.95242e-11	9.905575e-15	5.106958e-15	
29	1.573417e-03	-2.95242e-11	-9.90557e-15	-5.10695e-15	
30	1.673417e-03	-2.95242e-11	9.905556e-15	5.106948e-15	
31	1.773417e-03	-2.95242e-11	-9.90555e-15	-5.10694e-15	
32	1.873417e-03	-2.95242e-11	9.905536e-15	5.106937e-15	
33	1.973417e-03	-2.95242e-11	-9.90553e-15	-5.10693e-15	
34	2.073417e-03	-2.95242e-11	9.905517e-15	5.106926e-15	
35	2.173417e-03	-2.95242e-11	-9.90551e-15	-5.10692e-15	
36	2.273417e-03	-2.95242e-11	9.905497e-15	5.106916e-15	
37	2.373417e-03	-2.95242e-11	-9.90549e-15	-5.10691e-15	
38	2.473417e-03	-2.95242e-11	9.905478e-15	5.106905e-15	
39	2.573417e-03	-2.95242e-11	-9.90547e-15	-5.10690e-15	
40	2.673417e-03	-2.95242e-11	9.905458e-15	5.106895e-15	
41	2.773417e-03	-2.95242e-11	-9.90545e-15	-5.10689e-15	
42	2.873417e-03	-2.95242e-11	9.905438e-15	5.106884e-15	
43	2.973417e-03	-2.95242e-11	-9.90543e-15	-5.10688e-15	
44	3.073417e-03	-2.95242e-11	9.905419e-15	5.106874e-15	
45	3.173417e-03	-2.95242e-11	-9.90541e-15	-5.10687e-15	
46	3.273417e-03	-2.95242e-11	9.905399e-15	5.106863e-15	
47	3.373417e-03	-2.95242e-11	-9.90539e-15	-5.10686e-15	
48	3.473417e-03	-2.95242e-11	9.905380e-15	5.106852e-15	
49	3.573417e-03	-2.95242e-11	-9.90537e-15	-5.10685e-15	
50	3.673417e-03	-2.95242e-11	9.905360e-15	5.106842e-15	
51	3.773417e-03	-2.95242e-11	-9.90535e-15	-5.10684e-15	
52	3.873417e-03	-2.95242e-11	9.905341e-15	5.106831e-15	
53	3.973417e-03	-2.95242e-11	-9.90533e-15	-5.10683e-15	
54	4.073417e-03	-2.95242e-11	9.905321e-15	5.106821e-15	

Index   time            v.x1.v1#branch  v1#branch       v2#branch       
--------------------------------------------------------------------------------
55	4.173417e-03	-2.95242e-11	-9.90531e-15	-5.10682e-15	
56	4.273417e-03	-2.95242e-11	9.905302e-15	5.106810e-15	
57	4.373417e-03	-2.95242e-11	-9.90529e-15	-5.10680e-15	
58	4.473417e-03	-2.95242e-11	9.905282e-15	5.106800e-15	
59	4.573417e-03	-2.95242e-11	-9.90527e-15	-5.10679e-15	
60	4.673417e-03	-2.95242e-11	9.905263e-15	5.106789e-15	
61	4.773417e-03	-2.95242e-11	-9.90525e-15	-5.10678e-15	
62	4.873417e-03	-2.95242e-11	9.905243e-15	5.106778e-15	
63	4.973417e-03	-2.95242e-11	-9.90523e-15	-5.10677e-15	
64	5.073417e-03	-2.95242e-11	9.905224e-15	5.106768e-15	
65	5.173417e-03	-2.95242e-11	-9.90521e-15	-5.10676e-15	
66	5.273417e-03	-2.95242e-11	9.905204e-15	5.106757e-15	
67	5.373417e-03	-2.95242e-11	-9.90519e-15	-5.10675e-15	
68	5.473417e-03	-2.95242e-11	9.905185e-15	5.106747e-15	
69	5.573417e-03	-2.95242e-11	-9.90517e-15	-5.10674e-15	
70	5.673417e-03	-2.95242e-11	9.905165e-15	5.106736e-15	
71	5.773417e-03	-2.95242e-11	-9.90516e-15	-5.10673e-15	
72	5.873417e-03	-2.95242e-11	9.905146e-15	5.106726e-15	
73	5.973417e-03	-2.95242e-11	-9.90514e-15	-5.10672e-15	
74	6.073417e-03	-2.95242e-11	9.905126e-15	5.106715e-15	
75	6.173417e-03	-2.95242e-11	-9.90512e-15	-5.10671e-15	
76	6.273417e-03	-2.95242e-11	9.905107e-15	5.106704e-15	
77	6.373417e-03	-2.95242e-11	-9.90510e-15	-5.10670e-15	
78	6.473417e-03	-2.95242e-11	9.905087e-15	5.106694e-15	
79	6.573417e-03	-2.95242e-11	-9.90508e-15	-5.10669e-15	
80	6.673417e-03	-2.95242e-11	9.905068e-15	5.106683e-15	
81	6.773417e-03	-2.95242e-11	-9.90506e-15	-5.10668e-15	
82	6.873417e-03	-2.95242e-11	9.905048e-15	5.106673e-15	
83	6.973417e-03	-2.95242e-11	-9.90504e-15	-5.10667e-15	
84	7.073417e-03	-2.95242e-11	9.905029e-15	5.106662e-15	
85	7.173417e-03	-2.95242e-11	-9.90502e-15	-5.10666e-15	
86	7.273417e-03	-2.95242e-11	9.905009e-15	5.106652e-15	
87	7.373417e-03	-2.95242e-11	-9.90500e-15	-5.10665e-15	
88	7.473417e-03	-2.95242e-11	9.904990e-15	5.106641e-15	
89	7.573417e-03	-2.95242e-11	-9.90498e-15	-5.10664e-15	
90	7.673417e-03	-2.95242e-11	9.904970e-15	5.106630e-15	
91	7.773417e-03	-2.95242e-11	-9.90496e-15	-5.10663e-15	
92	7.873417e-03	-2.95242e-11	9.904951e-15	5.106620e-15	
93	7.973417e-03	-2.95242e-11	-9.90494e-15	-5.10661e-15	
94	8.073417e-03	-2.95242e-11	9.904931e-15	5.106609e-15	
95	8.173417e-03	-2.95242e-11	-9.90492e-15	-5.10660e-15	
96	8.273417e-03	-2.95242e-11	9.904912e-15	5.106599e-15	
97	8.373417e-03	-2.95242e-11	-9.90490e-15	-5.10659e-15	
98	8.473417e-03	-2.95242e-11	9.904892e-15	5.106588e-15	
99	8.573417e-03	-2.95242e-11	-9.90488e-15	-5.10658e-15	
100	8.673417e-03	-2.95242e-11	9.904872e-15	5.106578e-15	
101	8.773417e-03	-2.95242e-11	-9.90486e-15	-5.10657e-15	
102	8.873417e-03	-2.95242e-11	9.904853e-15	5.106567e-15	
103	8.973417e-03	-2.95242e-11	-9.90484e-15	-5.10656e-15	
104	9.073417e-03	-2.95242e-11	9.904833e-15	5.106556e-15	
105	9.173417e-03	-2.95242e-11	-9.90482e-15	-5.10655e-15	
106	9.273417e-03	-2.95242e-11	9.904814e-15	5.106546e-15	
107	9.373417e-03	-2.95242e-11	-9.90480e-15	-5.10654e-15	
108	9.473417e-03	-2.95242e-11	9.904794e-15	5.106535e-15	
109	9.573417e-03	-2.95242e-11	-9.90478e-15	-5.10653e-15	
110	9.673417e-03	-2.95242e-11	9.904775e-15	5.106525e-15	
111	9.773417e-03	-2.95242e-11	-9.90477e-15	-5.10652e-15	
112	9.873417e-03	-2.95242e-11	9.904755e-15	5.106514e-15	

Index   time            v.x1.v1#branch  v1#branch       v2#branch       
--------------------------------------------------------------------------------
113	9.973417e-03	-2.95242e-11	-9.90475e-15	-5.10651e-15	
114	1.007342e-02	-2.95242e-11	9.904736e-15	5.106503e-15	
115	1.010000e-02	-2.95250e-11	-9.90470e-15	-5.10648e-15	
116	1.010218e-02	-3.97366e-10	2.426205e-17	5.486857e-10	
117	1.010654e-02	-4.42044e-08	3.758720e-13	5.340381e-10	
118	1.011526e-02	-2.09610e-05	8.705957e-11	9.696742e-10	
119	1.012672e-02	-1.13259e-04	2.056715e-10	7.946752e-10	
120	1.014538e-02	-3.68174e-04	4.210090e-10	1.126597e-09	
121	1.018271e-02	-4.25264e-05	6.267908e-10	1.123554e-09	
122	1.020000e-02	-9.17668e-11	-4.30011e-10	5.680139e-10	
123	1.020292e-02	-1.27994e-11	-4.28586e-12	-4.28619e-12	
124	1.020875e-02	-2.07640e-11	-2.64017e-13	-2.63426e-13	
125	1.022041e-02	-2.08245e-11	-2.24643e-13	-2.25222e-13	
126	1.024374e-02	-2.18058e-11	2.644315e-13	2.649792e-13	
127	1.029039e-02	-2.09526e-11	-1.68650e-13	-1.69210e-13	
128	1.038370e-02	-2.15589e-11	1.383286e-13	1.388898e-13	
129	1.048370e-02	-2.10572e-11	-1.15659e-13	-1.16222e-13	
130	1.058370e-02	-2.15036e-11	1.084411e-13	1.090051e-13	
131	1.068370e-02	-2.10925e-11	-9.83229e-14	-9.88876e-14	
132	1.078370e-02	-2.14664e-11	8.972609e-14	9.029138e-14	
133	1.088370e-02	-2.11248e-11	-8.18466e-14	-8.24125e-14	
134	1.098370e-02	-2.14369e-11	7.479970e-14	7.536601e-14	
135	1.108370e-02	-2.11518e-11	-6.82609e-14	-6.88276e-14	
136	1.118370e-02	-2.14122e-11	6.237312e-14	6.294029e-14	
137	1.128370e-02	-2.11749e-11	-5.69289e-14	-5.74965e-14	
138	1.138370e-02	-2.13916e-11	5.201644e-14	5.258432e-14	
139	1.148370e-02	-2.11934e-11	-4.74830e-14	-4.80512e-14	
140	1.158370e-02	-2.13745e-11	4.338617e-14	4.395464e-14	
141	1.168370e-02	-2.12092e-11	-3.96144e-14	-4.01832e-14	
142	1.178370e-02	-2.13601e-11	3.619688e-14	3.676583e-14	
143	1.188370e-02	-2.12218e-11	-3.30525e-14	-3.36217e-14	
144	1.198370e-02	-2.13482e-11	3.020000e-14	3.076937e-14	
145	1.208370e-02	-2.12333e-11	-2.75814e-14	-2.81510e-14	
146	1.218370e-02	-2.13385e-11	2.520585e-14	2.577556e-14	
147	1.228370e-02	-2.12419e-11	-2.30265e-14	-2.35964e-14	
148	1.238370e-02	-2.13302e-11	2.104745e-14	2.161744e-14	
149	1.248370e-02	-2.12496e-11	-1.92355e-14	-1.98056e-14	
150	1.258370e-02	-2.13234e-11	1.758261e-14	1.815284e-14	
151	1.268370e-02	-2.12558e-11	-1.60680e-14	-1.66383e-14	
152	1.278370e-02	-2.13176e-11	1.469179e-14	1.526221e-14	
153	1.288370e-02	-2.12611e-11	-1.34312e-14	-1.40017e-14	
154	1.298370e-02	-2.13127e-11	1.228274e-14	1.285333e-14	
155	1.308370e-02	-2.12655e-11	-1.12321e-14	-1.18027e-14	
156	1.318370e-02	-2.13090e-11	1.027577e-14	1.084650e-14	
157	1.328370e-02	-2.12692e-11	-9.40155e-15	-9.97234e-15	
158	1.338370e-02	-2.13057e-11	8.606967e-15	9.177808e-15	
159	1.348370e-02	-2.12720e-11	-7.88053e-15	-8.45142e-15	
160	1.358370e-02	-2.13033e-11	7.216339e-15	7.787275e-15	
161	1.368370e-02	-2.12745e-11	-6.60745e-15	-7.17843e-15	
162	1.378370e-02	-2.13004e-11	6.051838e-15	6.622852e-15	
163	1.388370e-02	-2.12766e-11	-5.54505e-15	-6.11609e-15	
164	1.398370e-02	-2.12986e-11	5.083119e-15	5.654199e-15	
165	1.408370e-02	-2.12786e-11	-4.65861e-15	-5.22971e-15	
166	1.418370e-02	-2.12972e-11	4.271712e-15	4.842848e-15	
167	1.428370e-02	-2.12795e-11	-3.91955e-15	-4.49071e-15	
168	1.438370e-02	-2.12959e-11	3.597263e-15	4.168444e-15	
169	1.448370e-02	-2.12809e-11	-3.30347e-15	-3.87467e-15	
170	1.458370e-02	-2.12944e-11	3.035669e-15	3.606888e-15	

Index   time            v.x1.v1#branch  v1#branch       v2#branch       
--------------------------------------------------------------------------------
171	1.468370e-02	-2.12822e-11	-2.79282e-15	-3.36406e-15	
172	1.478370e-02	-2.12939e-11	2.570181e-15	3.141432e-15	
173	1.488370e-02	-2.12828e-11	-2.36535e-15	-2.93662e-15	
174	1.498370e-02	-2.12932e-11	2.181089e-15	2.752366e-15	
175	1.508370e-02	-2.12841e-11	-2.01432e-15	-2.58561e-15	
176	1.518370e-02	-2.12922e-11	1.861101e-15	2.432399e-15	
177	1.528370e-02	-2.12842e-11	-1.72007e-15	-2.29137e-15	
178	1.538370e-02	-2.12919e-11	1.589740e-15	2.161056e-15	
179	1.548370e-02	-2.12849e-11	-1.47024e-15	-2.04156e-15	
180	1.558370e-02	-2.12910e-11	1.362584e-15	1.933916e-15	
181	1.568370e-02	-2.12850e-11	-1.26426e-15	-1.83560e-15	
182	1.578370e-02	-2.12907e-11	1.171961e-15	1.743305e-15	
183	1.588370e-02	-2.12857e-11	-1.08680e-15	-1.65815e-15	
184	1.598370e-02	-2.12908e-11	1.010347e-15	1.581702e-15	
185	1.608370e-02	-2.12857e-11	-9.40600e-16	-1.51196e-15	
186	1.618370e-02	-2.12899e-11	8.788252e-16	1.450189e-15	
187	1.628370e-02	-2.12859e-11	-8.22697e-16	-1.39406e-15	
188	1.638370e-02	-2.12899e-11	7.725720e-16	1.343943e-15	
189	1.648370e-02	-2.12860e-11	-7.28292e-16	-1.29967e-15	
190	1.658370e-02	-2.12899e-11	6.889154e-16	1.260292e-15	
191	1.668370e-02	-2.12860e-11	-6.51139e-16	-1.22252e-15	
192	1.678370e-02	-2.12896e-11	6.158822e-16	1.187264e-15	
193	1.688370e-02	-2.12866e-11	-5.83951e-16	-1.15533e-15	
194	1.698370e-02	-2.12898e-11	5.529354e-16	1.124321e-15	
195	1.708370e-02	-2.12863e-11	-5.25007e-16	-1.09639e-15	
196	1.710000e-02	-2.12898e-11	3.971844e-16	9.685791e-16	
197	1.710154e-02	-3.32423e-10	3.562357e-10	-2.16083e-11	
198	1.710461e-02	-3.13583e-10	3.408663e-10	-2.41958e-11	
199	1.711077e-02	-5.13900e-10	5.431068e-10	-2.47297e-11	
200	1.712199e-02	-8.02429e-10	8.340500e-10	-2.41013e-11	
201	1.714443e-02	-5.15936e-10	5.522279e-10	-2.27287e-11	
202	1.716488e-02	-8.01386e-10	8.440427e-10	-2.16301e-11	
203	1.720000e-02	-5.15482e-10	5.778301e-10	-2.00016e-11	
204	1.720409e-02	-4.89970e-12	-2.54883e-12	-2.54299e-12	
205	1.721227e-02	-5.12017e-12	-2.39051e-12	-2.39606e-12	
206	1.722863e-02	-4.89977e-12	-2.42334e-12	-2.41751e-12	
207	1.726134e-02	-5.12089e-12	-2.15121e-12	-2.15677e-12	
208	1.732677e-02	-4.90055e-12	-1.98668e-12	-1.98088e-12	
209	1.742677e-02	-5.11853e-12	-1.51242e-12	-1.51802e-12	
210	1.752677e-02	-5.25242e-12	-1.15011e-12	-1.14436e-12	
211	1.762677e-02	-7.80172e-12	3.822462e-13	3.765423e-13	
212	1.772677e-02	-6.74667e-12	-2.40324e-13	-2.34629e-13	
213	1.782677e-02	-7.42979e-12	1.554068e-13	1.497174e-13	
214	1.792677e-02	-6.95906e-12	-1.12174e-13	-1.06487e-13	
215	1.802677e-02	-7.31811e-12	8.771104e-14	8.202608e-14	
216	1.812677e-02	-7.02212e-12	-7.42503e-14	-6.85662e-14	
217	1.822677e-02	-7.28324e-12	6.635620e-14	6.067260e-14	
218	1.832677e-02	-7.04177e-12	-6.22051e-14	-5.65218e-14	
219	1.842677e-02	-7.27281e-12	6.034995e-14	5.466674e-14	
220	1.852677e-02	-7.04699e-12	-5.91863e-14	-5.35032e-14	
221	1.862677e-02	-7.27037e-12	5.858230e-14	5.289921e-14	
222	1.872677e-02	-7.04854e-12	-5.82423e-14	-5.25592e-14	
223	1.882677e-02	-7.26903e-12	5.805878e-14	5.237572e-14	
224	1.892677e-02	-7.04854e-12	-5.79573e-14	-5.22743e-14	
225	1.902677e-02	-7.26859e-12	5.790182e-14	5.221878e-14	
226	1.912677e-02	-7.04899e-12	-5.78710e-14	-5.21880e-14	
227	1.922677e-02	-7.26926e-12	5.785415e-14	5.217111e-14	
228	1.932677e-02	-7.04954e-12	-5.78450e-14	-5.21620e-14	

Index   time            v.x1.v1#branch  v1#branch       v2#branch       
--------------------------------------------------------------------------------
229	1.942677e-02	-7.26881e-12	5.783996e-14	5.215692e-14	
230	1.952677e-02	-7.04854e-12	-5.78374e-14	-5.21544e-14	
231	1.962677e-02	-7.26881e-12	5.783605e-14	5.215301e-14	
232	1.972677e-02	-7.04954e-12	-5.78352e-14	-5.21521e-14	
233	1.982677e-02	-7.26903e-12	5.783476e-14	5.215173e-14	
234	1.992677e-02	-7.04899e-12	-5.78345e-14	-5.21515e-14	
235	2.000000e-02	-7.26920e-12	5.783422e-14	5.215119e-14	
236	2.001000e-02	6.031518e-10	-2.96699e-12	-7.56917e-10	
237	2.003000e-02	6.032912e-10	2.966825e-12	-1.00764e-09	
238	2.007000e-02	6.038201e-10	-2.96681e-12	-7.60482e-10	
239	2.010000e-02	3.979023e-10	2.966806e-12	-8.01956e-10	
240	2.010211e-02	-1.52133e-11	-9.02122e-16	-6.64048e-16	
241	2.010632e-02	-1.52154e-11	9.021306e-16	6.645502e-16	
242	2.011474e-02	-1.52136e-11	-9.02113e-16	-6.64043e-16	
243	2.013159e-02	-1.52154e-11	9.021116e-16	6.640418e-16	
244	2.016529e-02	-1.52135e-11	-9.02111e-16	-6.64041e-16	
245	2.023269e-02	-1.52153e-11	9.021105e-16	6.640411e-16	
246	2.033269e-02	-1.52133e-11	-9.02110e-16	-6.64041e-16	
247	2.043269e-02	-1.52153e-11	9.021100e-16	6.640408e-16	
248	2.053269e-02	-1.52133e-11	-9.02110e-16	-6.64041e-16	
249	2.063269e-02	-1.52151e-11	9.021094e-16	6.640405e-16	
250	2.073269e-02	-1.52135e-11	-9.02109e-16	-6.64040e-16	
251	2.083269e-02	-1.52152e-11	9.021089e-16	6.640401e-16	
252	2.093269e-02	-1.52133e-11	-9.02109e-16	-6.64040e-16	
253	2.103269e-02	-1.52152e-11	9.021083e-16	6.640398e-16	
254	2.113269e-02	-1.52133e-11	-9.02108e-16	-6.64040e-16	
255	2.123269e-02	-1.52150e-11	9.021078e-16	6.640394e-16	
256	2.133269e-02	-1.52133e-11	-9.02108e-16	-6.64039e-16	
257	2.143269e-02	-1.52152e-11	9.021072e-16	6.640391e-16	
258	2.153269e-02	-1.52135e-11	-9.02107e-16	-6.64039e-16	
259	2.163269e-02	-1.52150e-11	9.021067e-16	6.640388e-16	
260	2.173269e-02	-1.52135e-11	-9.02106e-16	-6.64039e-16	
261	2.183269e-02	-1.52155e-11	9.021062e-16	6.640384e-16	
262	2.193269e-02	-1.52133e-11	-9.02106e-16	-6.64038e-16	
263	2.203269e-02	-1.52152e-11	9.021056e-16	6.640381e-16	
264	2.213269e-02	-1.52135e-11	-9.02105e-16	-6.64038e-16	
265	2.223269e-02	-1.52152e-11	9.021050e-16	6.640378e-16	
266	2.233269e-02	-1.52132e-11	-9.02105e-16	-6.64038e-16	
267	2.243269e-02	-1.52150e-11	9.021045e-16	6.640374e-16	
268	2.253269e-02	-1.52133e-11	-9.02104e-16	-6.64037e-16	
269	2.263269e-02	-1.52153e-11	9.021039e-16	6.640371e-16	
270	2.273269e-02	-1.52130e-11	-9.02104e-16	-6.64037e-16	
271	2.283269e-02	-1.52153e-11	9.021034e-16	6.640368e-16	
272	2.293269e-02	-1.52130e-11	-9.02103e-16	-6.64037e-16	
273	2.303269e-02	-1.52152e-11	9.021028e-16	6.640364e-16	
274	2.313269e-02	-1.52132e-11	-9.02102e-16	-6.64036e-16	
275	2.323269e-02	-1.52150e-11	9.021022e-16	6.640361e-16	
276	2.333269e-02	-1.52136e-11	-9.02102e-16	-6.64036e-16	
277	2.343269e-02	-1.52150e-11	9.021018e-16	6.640358e-16	
278	2.353269e-02	-1.52133e-11	-9.02102e-16	-6.64036e-16	
279	2.363269e-02	-1.52153e-11	9.021012e-16	6.640354e-16	
280	2.373269e-02	-1.52132e-11	-9.02101e-16	-6.64035e-16	
281	2.383269e-02	-1.52153e-11	9.021006e-16	6.640351e-16	
282	2.393269e-02	-1.52130e-11	-9.02100e-16	-6.64035e-16	
283	2.403269e-02	-1.52155e-11	9.021000e-16	6.640347e-16	
284	2.413269e-02	-1.52133e-11	-9.02100e-16	-6.64035e-16	
285	2.423269e-02	-1.52152e-11	9.020995e-16	6.640344e-16	
286	2.433269e-02	-1.52132e-11	-9.02099e-16	-6.64034e-16	

Index   time            v.x1.v1#branch  v1#branch       v2#branch       
--------------------------------------------------------------------------------
287	2.443269e-02	-1.52151e-11	9.020989e-16	6.640341e-16	
288	2.453269e-02	-1.52135e-11	-9.02099e-16	-6.64034e-16	
289	2.463269e-02	-1.52152e-11	9.020984e-16	6.640337e-16	
290	2.473269e-02	-1.52135e-11	-9.02098e-16	-6.64034e-16	
291	2.483269e-02	-1.52150e-11	9.020979e-16	6.640334e-16	
292	2.493269e-02	-1.52135e-11	-9.02098e-16	-6.64033e-16	
293	2.503269e-02	-1.52153e-11	9.020974e-16	6.640331e-16	
294	2.513269e-02	-1.52133e-11	-9.02097e-16	-6.64033e-16	
295	2.523269e-02	-1.52153e-11	9.020968e-16	6.640327e-16	
296	2.533269e-02	-1.52133e-11	-9.02096e-16	-6.64033e-16	
297	2.543269e-02	-1.52155e-11	9.020962e-16	6.640324e-16	
298	2.553269e-02	-1.52133e-11	-9.02096e-16	-6.64032e-16	
299	2.563269e-02	-1.52153e-11	9.020957e-16	6.640321e-16	
300	2.573269e-02	-1.52132e-11	-9.02095e-16	-6.64032e-16	
301	2.583269e-02	-1.52150e-11	9.020951e-16	6.640317e-16	
302	2.593269e-02	-1.52133e-11	-9.02095e-16	-6.64032e-16	
303	2.603269e-02	-1.52153e-11	9.020946e-16	6.640314e-16	
304	2.613269e-02	-1.52131e-11	-9.02094e-16	-6.64031e-16	
305	2.623269e-02	-1.52152e-11	9.020940e-16	6.640310e-16	
306	2.633269e-02	-1.52133e-11	-9.02094e-16	-6.64031e-16	
307	2.643269e-02	-1.52150e-11	9.020935e-16	6.640307e-16	
308	2.653269e-02	-1.52135e-11	-9.02093e-16	-6.64031e-16	
309	2.663269e-02	-1.52153e-11	9.020929e-16	6.640304e-16	
310	2.673269e-02	-1.52130e-11	-9.02093e-16	-6.64030e-16	
311	2.683269e-02	-1.52155e-11	9.020923e-16	6.640300e-16	
312	2.693269e-02	-1.52132e-11	-9.02092e-16	-6.64030e-16	
313	2.703269e-02	-1.52150e-11	9.020918e-16	6.640297e-16	
314	2.713269e-02	-1.52133e-11	-9.02092e-16	-6.64030e-16	
315	2.723269e-02	-1.52153e-11	9.020912e-16	6.640294e-16	
316	2.733269e-02	-1.52130e-11	-9.02091e-16	-6.64029e-16	
317	2.743269e-02	-1.52155e-11	9.020906e-16	6.640290e-16	
318	2.753269e-02	-1.52133e-11	-9.02090e-16	-6.64029e-16	
319	2.763269e-02	-1.52152e-11	9.020901e-16	6.640287e-16	
320	2.773269e-02	-1.52133e-11	-9.02090e-16	-6.64029e-16	
321	2.783269e-02	-1.52152e-11	9.020895e-16	6.640283e-16	
322	2.793269e-02	-1.52132e-11	-9.02089e-16	-6.64028e-16	
323	2.803269e-02	-1.52151e-11	9.020890e-16	6.640280e-16	
324	2.813269e-02	-1.52132e-11	-9.02089e-16	-6.64028e-16	
325	2.823269e-02	-1.52151e-11	9.020885e-16	6.640277e-16	
326	2.833269e-02	-1.52132e-11	-9.02088e-16	-6.64028e-16	
327	2.843269e-02	-1.52151e-11	9.020879e-16	6.640273e-16	
328	2.853269e-02	-1.52133e-11	-9.02088e-16	-6.64027e-16	
329	2.863269e-02	-1.52152e-11	9.020874e-16	6.640270e-16	
330	2.873269e-02	-1.52133e-11	-9.02087e-16	-6.64027e-16	
331	2.883269e-02	-1.52152e-11	9.020868e-16	6.640267e-16	
332	2.893269e-02	-1.52131e-11	-9.02086e-16	-6.64026e-16	
333	2.903269e-02	-1.52152e-11	9.020862e-16	6.640263e-16	
334	2.913269e-02	-1.52133e-11	-9.02086e-16	-6.64026e-16	
335	2.923269e-02	-1.52153e-11	9.020856e-16	6.640260e-16	
336	2.933269e-02	-1.52133e-11	-9.02085e-16	-6.64026e-16	
337	2.943269e-02	-1.52152e-11	9.020851e-16	6.640256e-16	
338	2.953269e-02	-1.52131e-11	-9.02085e-16	-6.64025e-16	
339	2.963269e-02	-1.52152e-11	9.020845e-16	6.640253e-16	
340	2.973269e-02	-1.52135e-11	-9.02084e-16	-6.64025e-16	
341	2.983269e-02	-1.52150e-11	9.020839e-16	6.640250e-16	
342	2.993269e-02	-1.52133e-11	-9.02084e-16	-6.64025e-16	
343	3.003269e-02	-1.52150e-11	9.020834e-16	6.640246e-16	
344	3.010000e-02	-1.52132e-11	-9.02083e-16	-6.64024e-16	

Index   time            v.x1.v1#branch  v1#branch       v2#branch       
--------------------------------------------------------------------------------
345	3.010452e-02	-2.95487e-10	-1.95169e-16	5.453940e-10	
346	3.011356e-02	-6.25859e-10	-2.08148e-16	8.757863e-10	
347	3.013164e-02	-6.43996e-10	2.828424e-16	8.939582e-10	
348	3.015907e-02	-6.24098e-10	-2.57912e-16	8.742069e-10	
349	3.019310e-02	-6.43309e-10	-4.72022e-15	8.725431e-10	
350	3.020000e-02	-6.13849e-10	2.251687e-11	6.355674e-10	
351	3.020206e-02	-5.20554e-12	-1.20341e-12	-1.20340e-12	
352	3.020618e-02	-5.26028e-12	-1.16224e-12	-1.16212e-12	
353	3.021442e-02	-5.42015e-12	-1.05485e-12	-1.05485e-12	
354	3.023089e-02	-5.90777e-12	-7.52096e-13	-7.51995e-13	
355	3.026384e-02	-6.94517e-12	-1.28896e-13	-1.28943e-13	
356	3.032975e-02	-7.23688e-12	4.746688e-14	4.751933e-14	
357	3.042975e-02	-7.11649e-12	-2.59807e-14	-2.60345e-14	
358	3.052975e-02	-7.18199e-12	1.401501e-14	1.406960e-14	
359	3.062975e-02	-7.14624e-12	-7.75071e-15	-7.80570e-15	
360	3.072975e-02	-7.16578e-12	4.199031e-15	4.254248e-15	
361	3.082975e-02	-7.15557e-12	-1.92749e-15	-1.98286e-15	
362	3.092975e-02	-7.16023e-12	7.678866e-16	8.233245e-16	
363	3.102975e-02	-7.15934e-12	-9.98918e-17	-1.55373e-16	
364	3.112975e-02	-7.15857e-12	-2.55212e-16	-1.99708e-16	
365	3.122975e-02	-7.15968e-12	4.532777e-16	3.977616e-16	
366	3.132975e-02	-7.15801e-12	-5.60951e-16	-5.05428e-16	
367	3.142975e-02	-7.16068e-12	6.202634e-16	5.647367e-16	
368	3.152975e-02	-7.15801e-12	-6.52452e-16	-5.96924e-16	
369	3.162975e-02	-7.16045e-12	6.701975e-16	6.146676e-16	
370	3.172975e-02	-7.15823e-12	-6.80295e-16	-6.24765e-16	
371	3.182975e-02	-7.16045e-12	6.855565e-16	6.300256e-16	
372	3.192975e-02	-7.15779e-12	-6.88405e-16	-6.32874e-16	
373	3.202975e-02	-7.16068e-12	6.901467e-16	6.346156e-16	
374	3.212975e-02	-7.15801e-12	-6.90985e-16	-6.35454e-16	
375	3.222975e-02	-7.16068e-12	6.913604e-16	6.358293e-16	
376	3.232975e-02	-7.15757e-12	-6.91519e-16	-6.35988e-16	
377	3.242975e-02	-7.16079e-12	6.916733e-16	6.361422e-16	
378	3.252975e-02	-7.15823e-12	-6.91871e-16	-6.36340e-16	
379	3.262975e-02	-7.16068e-12	6.919501e-16	6.364191e-16	
380	3.272975e-02	-7.15757e-12	-6.91883e-16	-6.36352e-16	
381	3.282975e-02	-7.16045e-12	6.918584e-16	6.363274e-16	
382	3.292975e-02	-7.15823e-12	-6.91902e-16	-6.36371e-16	
383	3.300000e-02	-7.16135e-12	6.918183e-16	6.362873e-16	
384	3.301000e-02	6.343081e-10	-7.17757e-10	2.281914e-11	
385	3.303000e-02	6.153196e-10	-6.86928e-10	3.125185e-11	
386	3.307000e-02	6.180699e-10	-6.93572e-10	2.739204e-11	
387	3.310000e-02	3.969806e-10	-4.68461e-10	3.247652e-11	
388	3.310146e-02	-3.44099e-11	6.595803e-12	6.594223e-12	
389	3.310437e-02	-2.10837e-11	-9.73334e-14	-9.63575e-14	
390	3.311020e-02	-2.18557e-11	2.876888e-13	2.866317e-13	
391	3.312185e-02	-2.11503e-11	-6.98303e-14	-6.87960e-14	
392	3.314516e-02	-2.13488e-11	3.158132e-14	3.054887e-14	
393	3.319177e-02	-2.12512e-11	-1.90803e-14	-1.80496e-14	
394	3.328500e-02	-2.13231e-11	1.785679e-14	1.682609e-14	
395	3.338500e-02	-2.12570e-11	-1.60887e-14	-1.50582e-14	
396	3.348500e-02	-2.13161e-11	1.466245e-14	1.363198e-14	
397	3.358500e-02	-2.12629e-11	-1.33589e-14	-1.23286e-14	
398	3.368500e-02	-2.13111e-11	1.217484e-14	1.114454e-14	
399	3.378500e-02	-2.12674e-11	-1.10920e-14	-1.00618e-14	
400	3.388500e-02	-2.13068e-11	1.010644e-14	9.076283e-15	
401	3.398500e-02	-2.12710e-11	-9.20448e-15	-8.17438e-15	
402	3.408500e-02	-2.13038e-11	8.382484e-15	7.352447e-15	

Index   time            v.x1.v1#branch  v1#branch       v2#branch       
--------------------------------------------------------------------------------
403	3.418500e-02	-2.12741e-11	-7.63068e-15	-6.60069e-15	
404	3.428500e-02	-2.13008e-11	6.947039e-15	5.917100e-15	
405	3.438500e-02	-2.12766e-11	-6.32176e-15	-5.29187e-15	
406	3.448500e-02	-2.12984e-11	5.748887e-15	4.719030e-15	
407	3.458500e-02	-2.12790e-11	-5.22716e-15	-4.19734e-15	
408	3.468500e-02	-2.12967e-11	4.750915e-15	3.721127e-15	
409	3.478500e-02	-2.12807e-11	-4.31439e-15	-3.28463e-15	
410	3.488500e-02	-2.12944e-11	3.918864e-15	2.889133e-15	
411	3.498500e-02	-2.12823e-11	-3.55681e-15	-2.52711e-15	
412	3.508500e-02	-2.12932e-11	3.226473e-15	2.196790e-15	
413	3.518500e-02	-2.12831e-11	-2.92748e-15	-1.89782e-15	
414	3.528500e-02	-2.12924e-11	2.655197e-15	1.625553e-15	
415	3.538500e-02	-2.12845e-11	-2.40474e-15	-1.37511e-15	
416	3.548500e-02	-2.12917e-11	2.174554e-15	1.144943e-15	
417	3.558500e-02	-2.12850e-11	-1.96357e-15	-9.33972e-16	
418	3.568500e-02	-2.12908e-11	1.769629e-15	7.400462e-16	
419	3.578500e-02	-2.12861e-11	-1.59316e-15	-5.63585e-16	
420	3.588500e-02	-2.12900e-11	1.432472e-15	4.029125e-16	
421	3.598500e-02	-2.12870e-11	-1.28728e-15	-2.57734e-16	
422	3.608500e-02	-2.12889e-11	1.155137e-15	1.255967e-16	
423	3.618500e-02	-2.12871e-11	-1.03344e-15	-3.91162e-18	
424	3.628500e-02	-2.12887e-11	9.249167e-16	-1.04607e-16	
425	3.638500e-02	-2.12875e-11	-8.24424e-16	2.050930e-16	
426	3.648500e-02	-2.12887e-11	7.304557e-16	-2.99054e-16	
427	3.658500e-02	-2.12880e-11	-6.46613e-16	3.828917e-16	
428	3.668500e-02	-2.12881e-11	5.705754e-16	-4.58923e-16	
429	3.678500e-02	-2.12882e-11	-4.99799e-16	5.296948e-16	
430	3.688500e-02	-2.12881e-11	4.389574e-16	-5.90532e-16	
431	3.698500e-02	-2.12883e-11	-3.82901e-16	6.465849e-16	
432	3.708500e-02	-2.12876e-11	3.304983e-16	-6.98983e-16	
433	3.718500e-02	-2.12885e-11	-2.84517e-16	7.449613e-16	
434	3.728500e-02	-2.12875e-11	2.409179e-16	-7.88557e-16	
435	3.738500e-02	-2.12888e-11	-1.99798e-16	8.296740e-16	
436	3.748500e-02	-2.12872e-11	1.648795e-16	-8.64590e-16	
437	3.758500e-02	-2.12891e-11	-1.33138e-16	8.963287e-16	
438	3.768500e-02	-2.12869e-11	1.031221e-16	-9.26343e-16	
439	3.778500e-02	-2.12889e-11	-7.40280e-17	9.554346e-16	
440	3.788500e-02	-2.12871e-11	4.773596e-17	-9.81725e-16	
441	3.798500e-02	-2.12889e-11	-2.48080e-17	1.004651e-15	
442	3.808500e-02	-2.12870e-11	2.174718e-18	-1.02728e-15	
443	3.818500e-02	-2.12891e-11	1.682389e-17	1.046280e-15	
444	3.828500e-02	-2.12870e-11	-3.37999e-17	-1.06325e-15	
445	3.838500e-02	-2.12892e-11	5.180061e-17	1.081253e-15	
446	3.848500e-02	-2.12869e-11	-6.71427e-17	-1.09659e-15	
447	3.858500e-02	-2.12894e-11	7.983912e-17	1.109290e-15	
448	3.868500e-02	-2.12870e-11	-9.20312e-17	-1.12148e-15	
449	3.878500e-02	-2.12896e-11	1.053665e-16	1.134815e-15	
450	3.888500e-02	-2.12870e-11	-1.18539e-16	-1.14799e-15	
451	3.898500e-02	-2.12896e-11	1.276891e-16	1.157135e-15	
452	3.908500e-02	-2.12868e-11	-1.34080e-16	-1.16353e-15	
453	3.918500e-02	-2.12893e-11	1.422258e-16	1.171671e-15	
454	3.928500e-02	-2.12868e-11	-1.52233e-16	-1.18168e-15	
455	3.938500e-02	-2.12898e-11	1.612800e-16	1.190723e-15	
456	3.948500e-02	-2.12870e-11	-1.68303e-16	-1.19775e-15	
457	3.958500e-02	-2.12894e-11	1.734952e-16	1.202937e-15	
458	3.968500e-02	-2.12869e-11	-1.78088e-16	-1.20753e-15	
459	3.978500e-02	-2.12897e-11	1.809194e-16	1.210361e-15	
460	3.988500e-02	-2.12862e-11	-1.82282e-16	-1.21172e-15	

Index   time            v.x1.v1#branch  v1#branch       v2#branch       
--------------------------------------------------------------------------------
461	3.998500e-02	-2.12892e-11	1.853413e-16	1.214782e-15	
462	4.000000e-02	-2.12870e-11	-1.85481e-16	-1.21492e-15	
463	4.000250e-02	4.515991e-10	-1.77321e-11	-7.62718e-10	
464	4.000751e-02	-1.22618e-07	-3.93126e-11	-7.77489e-10	
465	4.001753e-02	-4.46388e-05	-2.67493e-10	-1.03144e-09	
466	4.003476e-02	-2.60453e-04	-1.86701e-10	-1.00813e-09	
467	4.005860e-02	-3.05776e-04	-1.27269e-09	-1.36352e-09	
468	4.008727e-02	-8.97515e-06	8.587805e-10	-4.58768e-10	
469	4.010000e-02	1.190554e-10	-8.84626e-10	-7.91141e-10	
470	4.010221e-02	-2.95246e-11	-1.04405e-14	-5.67767e-15	
471	4.010662e-02	-2.95248e-11	1.044234e-14	5.679430e-15	
472	4.011544e-02	-2.95248e-11	-1.04408e-14	-5.67796e-15	
473	4.013309e-02	-2.95246e-11	1.044073e-14	5.677921e-15	
474	4.016839e-02	-2.95244e-11	-1.04407e-14	-5.67790e-15	
475	4.023899e-02	-2.95250e-11	1.044068e-14	5.677893e-15	
476	4.033899e-02	-2.95242e-11	-1.04407e-14	-5.67789e-15	
477	4.043899e-02	-2.95242e-11	1.044066e-14	5.677879e-15	
478	4.053899e-02	-2.95242e-11	-1.04406e-14	-5.67787e-15	
479	4.063899e-02	-2.95242e-11	1.044063e-14	5.677866e-15	
480	4.073899e-02	-2.95242e-11	-1.04406e-14	-5.67786e-15	
481	4.083899e-02	-2.95242e-11	1.044061e-14	5.677853e-15	
482	4.093899e-02	-2.95242e-11	-1.04406e-14	-5.67785e-15	
483	4.103899e-02	-2.95242e-11	1.044058e-14	5.677839e-15	
484	4.113899e-02	-2.95242e-11	-1.04406e-14	-5.67783e-15	
485	4.123899e-02	-2.95242e-11	1.044056e-14	5.677826e-15	
486	4.133899e-02	-2.95242e-11	-1.04405e-14	-5.67782e-15	
487	4.143899e-02	-2.95242e-11	1.044053e-14	5.677813e-15	
488	4.153899e-02	-2.95242e-11	-1.04405e-14	-5.67781e-15	
489	4.163899e-02	-2.95242e-11	1.044051e-14	5.677799e-15	
490	4.173899e-02	-2.95242e-11	-1.04405e-14	-5.67779e-15	
491	4.183899e-02	-2.95242e-11	1.044049e-14	5.677786e-15	
492	4.193899e-02	-2.95242e-11	-1.04405e-14	-5.67778e-15	
493	4.203899e-02	-2.95242e-11	1.044046e-14	5.677773e-15	
494	4.213899e-02	-2.95242e-11	-1.04404e-14	-5.67777e-15	
495	4.223899e-02	-2.95242e-11	1.044044e-14	5.677760e-15	
496	4.233899e-02	-2.95242e-11	-1.04404e-14	-5.67775e-15	
497	4.243899e-02	-2.95242e-11	1.044041e-14	5.677746e-15	
498	4.253899e-02	-2.95242e-11	-1.04404e-14	-5.67774e-15	
499	4.263899e-02	-2.95242e-11	1.044039e-14	5.677733e-15	
500	4.273899e-02	-2.95242e-11	-1.04404e-14	-5.67773e-15	
501	4.283899e-02	-2.95242e-11	1.044036e-14	5.677720e-15	
502	4.293899e-02	-2.95242e-11	-1.04404e-14	-5.67771e-15	
503	4.303899e-02	-2.95242e-11	1.044034e-14	5.677706e-15	
504	4.313899e-02	-2.95242e-11	-1.04403e-14	-5.67770e-15	
505	4.323899e-02	-2.95242e-11	1.044032e-14	5.677693e-15	
506	4.333899e-02	-2.95242e-11	-1.04403e-14	-5.67769e-15	
507	4.343899e-02	-2.95242e-11	1.044029e-14	5.677680e-15	
508	4.353899e-02	-2.95242e-11	-1.04403e-14	-5.67767e-15	
509	4.363899e-02	-2.95242e-11	1.044027e-14	5.677666e-15	
510	4.373899e-02	-2.95242e-11	-1.04403e-14	-5.67766e-15	
511	4.383899e-02	-2.95242e-11	1.044024e-14	5.677653e-15	
512	4.393899e-02	-2.95242e-11	-1.04402e-14	-5.67765e-15	
513	4.403899e-02	-2.95242e-11	1.044022e-14	5.677640e-15	
514	4.413899e-02	-2.95242e-11	-1.04402e-14	-5.67763e-15	
515	4.423899e-02	-2.95242e-11	1.044019e-14	5.677626e-15	
516	4.433899e-02	-2.95242e-11	-1.04402e-14	-5.67762e-15	
517	4.443899e-02	-2.95242e-11	1.044017e-14	5.677613e-15	
518	4.453899e-02	-2.95242e-11	-1.04402e-14	-5.67761e-15	

Index   time            v.x1.v1#branch  v1#branch       v2#branch       
--------------------------------------------------------------------------------
519	4.463899e-02	-2.95242e-11	1.044015e-14	5.677600e-15	
520	4.473899e-02	-2.95242e-11	-1.04401e-14	-5.67759e-15	
521	4.483899e-02	-2.95242e-11	1.044012e-14	5.677587e-15	
522	4.493899e-02	-2.95242e-11	-1.04401e-14	-5.67758e-15	
523	4.503899e-02	-2.95242e-11	1.044010e-14	5.677573e-15	
524	4.513899e-02	-2.95242e-11	-1.04401e-14	-5.67757e-15	
525	4.523899e-02	-2.95242e-11	1.044007e-14	5.677560e-15	
526	4.533899e-02	-2.95242e-11	-1.04401e-14	-5.67755e-15	
527	4.543899e-02	-2.95242e-11	1.044005e-14	5.677547e-15	
528	4.553899e-02	-2.95242e-11	-1.04400e-14	-5.67754e-15	
529	4.563899e-02	-2.95242e-11	1.044002e-14	5.677533e-15	
530	4.573899e-02	-2.95242e-11	-1.04400e-14	-5.67753e-15	
531	4.583899e-02	-2.95242e-11	1.044000e-14	5.677520e-15	
532	4.593899e-02	-2.95242e-11	-1.04400e-14	-5.67751e-15	
533	4.603899e-02	-2.95242e-11	1.043998e-14	5.677507e-15	
534	4.613899e-02	-2.95242e-11	-1.04400e-14	-5.67750e-15	
535	4.623899e-02	-2.95242e-11	1.043995e-14	5.677493e-15	
536	4.633899e-02	-2.95242e-11	-1.04399e-14	-5.67749e-15	
537	4.643899e-02	-2.95242e-11	1.043993e-14	5.677480e-15	
538	4.653899e-02	-2.95242e-11	-1.04399e-14	-5.67747e-15	
539	4.663899e-02	-2.95242e-11	1.043990e-14	5.677467e-15	
540	4.673899e-02	-2.95242e-11	-1.04399e-14	-5.67746e-15	
541	4.683899e-02	-2.95242e-11	1.043988e-14	5.677454e-15	
542	4.693899e-02	-2.95242e-11	-1.04399e-14	-5.67745e-15	
543	4.703899e-02	-2.95242e-11	1.043986e-14	5.677440e-15	
544	4.713899e-02	-2.95242e-11	-1.04398e-14	-5.67743e-15	
545	4.723899e-02	-2.95242e-11	1.043983e-14	5.677427e-15	
546	4.733899e-02	-2.95242e-11	-1.04398e-14	-5.67742e-15	
547	4.743899e-02	-2.95242e-11	1.043981e-14	5.677414e-15	
548	4.753899e-02	-2.95242e-11	-1.04398e-14	-5.67741e-15	
549	4.763899e-02	-2.95242e-11	1.043978e-14	5.677400e-15	
550	4.773899e-02	-2.95242e-11	-1.04398e-14	-5.67739e-15	
551	4.783899e-02	-2.95242e-11	1.043976e-14	5.677387e-15	
552	4.793899e-02	-2.95242e-11	-1.04397e-14	-5.67738e-15	
553	4.803899e-02	-2.95242e-11	1.043973e-14	5.677374e-15	
554	4.813899e-02	-2.95242e-11	-1.04397e-14	-5.67737e-15	
555	4.823899e-02	-2.95242e-11	1.043971e-14	5.677360e-15	
556	4.833899e-02	-2.95242e-11	-1.04397e-14	-5.67735e-15	
557	4.843899e-02	-2.95242e-11	1.043969e-14	5.677347e-15	
558	4.853899e-02	-2.95242e-11	-1.04397e-14	-5.67734e-15	
559	4.863899e-02	-2.95242e-11	1.043966e-14	5.677334e-15	
560	4.873899e-02	-2.95242e-11	-1.04396e-14	-5.67733e-15	
561	4.883899e-02	-2.95242e-11	1.043964e-14	5.677321e-15	
562	4.893899e-02	-2.95242e-11	-1.04396e-14	-5.67731e-15	
563	4.903899e-02	-2.95242e-11	1.043961e-14	5.677307e-15	
564	4.913899e-02	-2.95242e-11	-1.04396e-14	-5.67730e-15	
565	4.923899e-02	-2.95242e-11	1.043959e-14	5.677294e-15	
566	4.933899e-02	-2.95242e-11	-1.04396e-14	-5.67729e-15	
567	4.943899e-02	-2.95242e-11	1.043956e-14	5.677281e-15	
568	4.953899e-02	-2.95242e-11	-1.04396e-14	-5.67727e-15	
569	4.963899e-02	-2.95242e-11	1.043954e-14	5.677267e-15	
570	4.973899e-02	-2.95242e-11	-1.04395e-14	-5.67726e-15	
571	4.983899e-02	-2.95242e-11	1.043952e-14	5.677254e-15	
572	4.993899e-02	-2.95242e-11	-1.04395e-14	-5.67725e-15	
573	5.003899e-02	-2.95242e-11	1.043949e-14	5.677241e-15	
574	5.010000e-02	-2.95244e-11	-1.04395e-14	-5.67723e-15	
575	5.010422e-02	-5.34423e-09	5.457651e-10	5.457556e-10	
576	5.011267e-02	-1.74872e-05	8.346390e-10	7.993130e-10	

Index   time            v.x1.v1#branch  v1#branch       v2#branch       
--------------------------------------------------------------------------------
577	5.012957e-02	-2.86469e-04	1.391797e-09	1.129212e-09	
578	5.015707e-02	-2.25402e-04	1.016659e-09	1.105533e-09	
579	5.018340e-02	-1.80541e-05	6.869000e-10	6.916413e-10	
580	5.020000e-02	-1.76191e-09	9.767404e-10	1.010919e-09	
581	5.020367e-02	-5.01245e-12	-3.12325e-12	-3.12321e-12	
582	5.021101e-02	-5.00667e-12	-3.07646e-12	-3.07612e-12	
583	5.022568e-02	-5.01308e-12	-2.97663e-12	-2.97661e-12	
584	5.025503e-02	-5.00757e-12	-2.79646e-12	-2.79614e-12	
585	5.031373e-02	-5.01264e-12	-2.46450e-12	-2.46451e-12	
586	5.041373e-02	-5.00729e-12	-2.00167e-12	-2.00140e-12	
587	5.051373e-02	-5.01195e-12	-1.62672e-12	-1.62678e-12	
588	5.061373e-02	-5.14607e-12	-1.24925e-12	-1.24902e-12	
589	5.071373e-02	-7.43823e-12	1.695014e-13	1.693426e-13	
590	5.081373e-02	-7.00103e-12	-9.56612e-14	-9.55072e-14	
591	5.091373e-02	-7.24639e-12	5.287872e-14	5.272743e-14	
592	5.101373e-02	-7.10983e-12	-2.96278e-14	-2.94780e-14	
593	5.111373e-02	-7.18732e-12	1.689450e-14	1.674551e-14	
594	5.121373e-02	-7.14202e-12	-1.03641e-14	-1.02155e-14	
595	5.131373e-02	-7.17022e-12	6.657030e-15	6.508702e-15	
596	5.141373e-02	-7.15202e-12	-4.26111e-15	-4.11293e-15	
597	5.151373e-02	-7.16467e-12	3.040362e-15	2.892266e-15	
598	5.161373e-02	-7.15468e-12	-2.33559e-15	-2.18754e-15	
599	5.171373e-02	-7.16245e-12	1.961224e-15	1.813198e-15	
600	5.181373e-02	-7.15624e-12	-1.75263e-15	-1.60462e-15	
601	5.191373e-02	-7.16201e-12	1.639263e-15	1.491257e-15	
602	5.201373e-02	-7.15624e-12	-1.57663e-15	-1.42863e-15	
603	5.211373e-02	-7.16179e-12	1.542476e-15	1.394476e-15	
604	5.221373e-02	-7.15668e-12	-1.52368e-15	-1.37568e-15	
605	5.231373e-02	-7.16179e-12	1.513153e-15	1.365155e-15	
606	5.241373e-02	-7.15646e-12	-1.50747e-15	-1.35947e-15	
607	5.251373e-02	-7.16223e-12	1.504514e-15	1.356517e-15	
608	5.261373e-02	-7.15624e-12	-1.50286e-15	-1.35487e-15	
609	5.271373e-02	-7.16179e-12	1.502038e-15	1.354041e-15	
610	5.281373e-02	-7.15668e-12	-1.50172e-15	-1.35373e-15	
611	5.291373e-02	-7.16179e-12	1.501346e-15	1.353350e-15	
612	5.301373e-02	-7.15624e-12	-1.50110e-15	-1.35310e-15	
613	5.311373e-02	-7.16201e-12	1.501083e-15	1.353087e-15	
614	5.321373e-02	-7.15690e-12	-1.50102e-15	-1.35302e-15	
615	5.331373e-02	-7.16245e-12	1.501016e-15	1.353020e-15	
616	5.341373e-02	-7.15646e-12	-1.50098e-15	-1.35298e-15	
617	5.351373e-02	-7.16201e-12	1.500953e-15	1.352957e-15	
618	5.361373e-02	-7.15624e-12	-1.50092e-15	-1.35292e-15	
619	5.371373e-02	-7.16201e-12	1.500897e-15	1.352901e-15	
620	5.381373e-02	-7.15624e-12	-1.50090e-15	-1.35291e-15	
621	5.391373e-02	-7.16201e-12	1.500854e-15	1.352858e-15	
622	5.401373e-02	-7.15690e-12	-1.50086e-15	-1.35287e-15	
623	5.411373e-02	-7.16245e-12	1.500810e-15	1.352814e-15	
624	5.421373e-02	-7.15646e-12	-1.50083e-15	-1.35283e-15	
625	5.431373e-02	-7.16179e-12	1.500814e-15	1.352818e-15	
626	5.441373e-02	-7.15668e-12	-1.50081e-15	-1.35281e-15	
627	5.451373e-02	-7.16179e-12	1.500780e-15	1.352784e-15	
628	5.461373e-02	-7.15646e-12	-1.50073e-15	-1.35273e-15	
629	5.471373e-02	-7.16223e-12	1.500735e-15	1.352739e-15	
630	5.481373e-02	-7.15690e-12	-1.50073e-15	-1.35274e-15	
631	5.491373e-02	-7.16179e-12	1.500775e-15	1.352780e-15	
632	5.501373e-02	-7.15668e-12	-1.50077e-15	-1.35278e-15	
633	5.511373e-02	-7.16223e-12	1.500850e-15	1.352855e-15	
634	5.521373e-02	-7.15624e-12	-1.50090e-15	-1.35290e-15	

Index   time            v.x1.v1#branch  v1#branch       v2#branch       
--------------------------------------------------------------------------------
635	5.531373e-02	-7.16201e-12	1.500814e-15	1.352818e-15	
636	5.541373e-02	-7.15646e-12	-1.50080e-15	-1.35281e-15	
637	5.551373e-02	-7.16223e-12	1.500806e-15	1.352810e-15	
638	5.561373e-02	-7.15646e-12	-1.50081e-15	-1.35282e-15	
639	5.571373e-02	-7.16179e-12	1.500836e-15	1.352841e-15	
640	5.581373e-02	-7.15668e-12	-1.50077e-15	-1.35277e-15	
641	5.591373e-02	-7.16179e-12	1.500787e-15	1.352792e-15	
642	5.601373e-02	-7.15624e-12	-1.50076e-15	-1.35277e-15	
643	5.611373e-02	-7.16179e-12	1.500755e-15	1.352760e-15	
644	5.621373e-02	-7.15668e-12	-1.50073e-15	-1.35274e-15	
645	5.631373e-02	-7.16156e-12	1.500706e-15	1.352711e-15	
646	5.641373e-02	-7.15624e-12	-1.50079e-15	-1.35280e-15	
647	5.651373e-02	-7.16179e-12	1.500730e-15	1.352735e-15	
648	5.661373e-02	-7.15646e-12	-1.50072e-15	-1.35273e-15	
649	5.671373e-02	-7.16179e-12	1.500791e-15	1.352796e-15	
650	5.681373e-02	-7.15646e-12	-1.50070e-15	-1.35271e-15	
651	5.691373e-02	-7.16179e-12	1.500625e-15	1.352630e-15	
652	5.701373e-02	-7.15624e-12	-1.50080e-15	-1.35281e-15	
653	5.711373e-02	-7.16223e-12	1.500887e-15	1.352892e-15	
654	5.721373e-02	-7.15624e-12	-1.50076e-15	-1.35277e-15	
655	5.731373e-02	-7.16223e-12	1.500713e-15	1.352719e-15	
656	5.741373e-02	-7.15646e-12	-1.50074e-15	-1.35275e-15	
657	5.751373e-02	-7.16201e-12	1.500660e-15	1.352666e-15	
658	5.761373e-02	-7.15668e-12	-1.50069e-15	-1.35270e-15	
659	5.771373e-02	-7.16179e-12	1.500846e-15	1.352852e-15	
660	5.781373e-02	-7.15624e-12	-1.50086e-15	-1.35287e-15	
661	5.791373e-02	-7.16223e-12	1.500819e-15	1.352825e-15	
662	5.801373e-02	-7.15624e-12	-1.50086e-15	-1.35286e-15	
663	5.811373e-02	-7.16223e-12	1.500879e-15	1.352885e-15	
664	5.821373e-02	-7.15646e-12	-1.50082e-15	-1.35282e-15	
665	5.831373e-02	-7.16179e-12	1.500813e-15	1.352819e-15	
666	5.841373e-02	-7.15668e-12	-1.50086e-15	-1.35286e-15	
667	5.851373e-02	-7.16201e-12	1.500813e-15	1.352820e-15	
668	5.861373e-02	-7.15646e-12	-1.50075e-15	-1.35276e-15	
669	5.871373e-02	-7.16245e-12	1.500842e-15	1.352848e-15	
670	5.881373e-02	-7.15646e-12	-1.50084e-15	-1.35285e-15	
671	5.891373e-02	-7.16223e-12	1.500793e-15	1.352800e-15	
672	5.901373e-02	-7.15646e-12	-1.50081e-15	-1.35282e-15	
673	5.911373e-02	-7.16179e-12	1.500807e-15	1.352813e-15	
674	5.921373e-02	-7.15668e-12	-1.50081e-15	-1.35282e-15	
675	5.931373e-02	-7.16179e-12	1.500816e-15	1.352823e-15	
676	5.941373e-02	-7.15668e-12	-1.50083e-15	-1.35283e-15	
677	5.951373e-02	-7.16156e-12	1.500847e-15	1.352853e-15	
678	5.961373e-02	-7.15646e-12	-1.50076e-15	-1.35276e-15	
679	5.971373e-02	-7.16223e-12	1.500713e-15	1.352720e-15	
680	5.981373e-02	-7.15624e-12	-1.50080e-15	-1.35280e-15	
681	5.991373e-02	-7.16179e-12	1.500816e-15	1.352823e-15	
682	6.000000e-02	-7.15606e-12	-1.50072e-15	-1.35273e-15	
683	6.001000e-02	6.031517e-10	-2.96699e-12	-7.56917e-10	
684	6.003000e-02	6.032911e-10	2.966825e-12	-1.00764e-09	
685	6.007000e-02	6.038202e-10	-2.96681e-12	-7.60482e-10	
686	6.010000e-02	3.979026e-10	2.966806e-12	-8.01956e-10	
687	6.010211e-02	-1.52135e-11	-9.02123e-16	-6.64048e-16	
688	6.010632e-02	-1.52155e-11	9.021316e-16	6.645503e-16	
689	6.011474e-02	-1.52138e-11	-9.02114e-16	-6.64043e-16	
690	6.013159e-02	-1.52152e-11	9.021129e-16	6.640420e-16	
691	6.016529e-02	-1.52137e-11	-9.02112e-16	-6.64042e-16	
692	6.023269e-02	-1.52151e-11	9.021120e-16	6.640413e-16	

Index   time            v.x1.v1#branch  v1#branch       v2#branch       
--------------------------------------------------------------------------------
693	6.033269e-02	-1.52133e-11	-9.02112e-16	-6.64041e-16	
694	6.043269e-02	-1.52153e-11	9.021114e-16	6.640409e-16	
695	6.053269e-02	-1.52133e-11	-9.02111e-16	-6.64041e-16	
696	6.063269e-02	-1.52152e-11	9.021109e-16	6.640406e-16	
697	6.073269e-02	-1.52136e-11	-9.02111e-16	-6.64040e-16	
698	6.083269e-02	-1.52153e-11	9.021103e-16	6.640403e-16	
699	6.093269e-02	-1.52135e-11	-9.02110e-16	-6.64040e-16	
700	6.103269e-02	-1.52150e-11	9.021098e-16	6.640399e-16	
701	6.113269e-02	-1.52133e-11	-9.02110e-16	-6.64040e-16	
702	6.123269e-02	-1.52152e-11	9.021092e-16	6.640396e-16	
703	6.133269e-02	-1.52135e-11	-9.02109e-16	-6.64039e-16	
704	6.143269e-02	-1.52151e-11	9.021087e-16	6.640393e-16	
705	6.153269e-02	-1.52135e-11	-9.02108e-16	-6.64039e-16	
706	6.163269e-02	-1.52152e-11	9.021082e-16	6.640389e-16	
707	6.173269e-02	-1.52133e-11	-9.02108e-16	-6.64039e-16	
708	6.183269e-02	-1.52152e-11	9.021076e-16	6.640386e-16	
709	6.193269e-02	-1.52132e-11	-9.02107e-16	-6.64038e-16	
710	6.203269e-02	-1.52150e-11	9.021071e-16	6.640383e-16	
711	6.213269e-02	-1.52133e-11	-9.02107e-16	-6.64038e-16	
712	6.223269e-02	-1.52152e-11	9.021065e-16	6.640379e-16	
713	6.233269e-02	-1.52133e-11	-9.02106e-16	-6.64038e-16	
714	6.243269e-02	-1.52153e-11	9.021059e-16	6.640376e-16	
715	6.253269e-02	-1.52132e-11	-9.02106e-16	-6.64037e-16	
716	6.263269e-02	-1.52153e-11	9.021053e-16	6.640372e-16	
717	6.273269e-02	-1.52133e-11	-9.02105e-16	-6.64037e-16	
718	6.283269e-02	-1.52152e-11	9.021048e-16	6.640369e-16	
719	6.293269e-02	-1.52133e-11	-9.02105e-16	-6.64037e-16	
720	6.303269e-02	-1.52153e-11	9.021042e-16	6.640366e-16	
721	6.313269e-02	-1.52133e-11	-9.02104e-16	-6.64036e-16	
722	6.323269e-02	-1.52150e-11	9.021037e-16	6.640362e-16	
723	6.333269e-02	-1.52133e-11	-9.02103e-16	-6.64036e-16	
724	6.343269e-02	-1.52150e-11	9.021032e-16	6.640359e-16	
725	6.353269e-02	-1.52133e-11	-9.02103e-16	-6.64036e-16	
726	6.363269e-02	-1.52153e-11	9.021026e-16	6.640356e-16	
727	6.373269e-02	-1.52133e-11	-9.02102e-16	-6.64035e-16	
728	6.383269e-02	-1.52152e-11	9.021021e-16	6.640352e-16	
729	6.393269e-02	-1.52132e-11	-9.02102e-16	-6.64035e-16	
730	6.403269e-02	-1.52150e-11	9.021015e-16	6.640349e-16	
731	6.413269e-02	-1.52133e-11	-9.02101e-16	-6.64035e-16	
732	6.423269e-02	-1.52153e-11	9.021010e-16	6.640346e-16	
733	6.433269e-02	-1.52133e-11	-9.02101e-16	-6.64034e-16	
734	6.443269e-02	-1.52153e-11	9.021005e-16	6.640342e-16	
735	6.453269e-02	-1.52135e-11	-9.02100e-16	-6.64034e-16	
736	6.463269e-02	-1.52149e-11	9.020999e-16	6.640339e-16	
737	6.473269e-02	-1.52133e-11	-9.02100e-16	-6.64034e-16	
738	6.483269e-02	-1.52152e-11	9.020994e-16	6.640336e-16	
739	6.493269e-02	-1.52135e-11	-9.02099e-16	-6.64033e-16	
740	6.503269e-02	-1.52150e-11	9.020989e-16	6.640332e-16	
741	6.513269e-02	-1.52133e-11	-9.02099e-16	-6.64033e-16	
742	6.523269e-02	-1.52152e-11	9.020983e-16	6.640329e-16	
743	6.533269e-02	-1.52133e-11	-9.02098e-16	-6.64033e-16	
744	6.543269e-02	-1.52149e-11	9.020978e-16	6.640326e-16	
745	6.553269e-02	-1.52136e-11	-9.02098e-16	-6.64032e-16	
746	6.563269e-02	-1.52151e-11	9.020973e-16	6.640323e-16	
747	6.573269e-02	-1.52133e-11	-9.02097e-16	-6.64032e-16	
748	6.583269e-02	-1.52153e-11	9.020968e-16	6.640319e-16	
749	6.593269e-02	-1.52130e-11	-9.02096e-16	-6.64032e-16	
750	6.600000e-02	-1.52151e-11	9.020960e-16	6.640315e-16	

Index   time            v.x1.v1#branch  v1#branch       v2#branch       
--------------------------------------------------------------------------------
751	6.600887e-02	-6.92322e-07	-7.50421e-10	1.833137e-13	
752	6.602661e-02	-9.72891e-05	-9.87966e-10	2.309230e-11	
753	6.606209e-02	-2.53815e-04	-1.25878e-09	-3.24223e-10	
754	6.610000e-02	2.265950e-10	-5.04251e-10	1.799691e-10	
755	6.610221e-02	-2.95246e-11	-1.60221e-16	-2.55208e-16	
756	6.610664e-02	-2.95247e-11	2.962869e-16	3.033905e-16	
757	6.611548e-02	-2.95244e-11	-2.96281e-16	-3.01995e-16	
758	6.613318e-02	-2.95246e-11	2.962786e-16	3.019938e-16	
759	6.616857e-02	-2.95250e-11	-2.96277e-16	-3.01993e-16	
760	6.623936e-02	-2.95248e-11	2.962766e-16	3.019926e-16	
761	6.633936e-02	-2.95242e-11	-2.96276e-16	-3.01992e-16	
762	6.643936e-02	-2.95242e-11	2.962756e-16	3.019921e-16	
763	6.653936e-02	-2.95242e-11	-2.96275e-16	-3.01992e-16	
764	6.663936e-02	-2.95242e-11	2.962746e-16	3.019915e-16	
765	6.673936e-02	-2.95242e-11	-2.96274e-16	-3.01991e-16	
766	6.683936e-02	-2.95242e-11	2.962737e-16	3.019909e-16	
767	6.693936e-02	-2.95242e-11	-2.96273e-16	-3.01991e-16	
768	6.703936e-02	-2.95242e-11	2.962727e-16	3.019904e-16	
769	6.713936e-02	-2.95242e-11	-2.96272e-16	-3.01990e-16	
770	6.723936e-02	-2.95242e-11	2.962717e-16	3.019898e-16	
771	6.733936e-02	-2.95242e-11	-2.96271e-16	-3.01990e-16	
772	6.743936e-02	-2.95242e-11	2.962708e-16	3.019893e-16	
773	6.753936e-02	-2.95242e-11	-2.96270e-16	-3.01989e-16	
774	6.763936e-02	-2.95242e-11	2.962698e-16	3.019887e-16	
775	6.773936e-02	-2.95242e-11	-2.96269e-16	-3.01988e-16	
776	6.783936e-02	-2.95242e-11	2.962688e-16	3.019882e-16	
777	6.793936e-02	-2.95242e-11	-2.96268e-16	-3.01988e-16	
778	6.803936e-02	-2.95242e-11	2.962679e-16	3.019876e-16	
779	6.813936e-02	-2.95242e-11	-2.96267e-16	-3.01987e-16	
780	6.823936e-02	-2.95242e-11	2.962669e-16	3.019870e-16	
781	6.833936e-02	-2.95242e-11	-2.96266e-16	-3.01987e-16	
782	6.843936e-02	-2.95242e-11	2.962659e-16	3.019865e-16	
783	6.853936e-02	-2.95242e-11	-2.96265e-16	-3.01986e-16	
784	6.863936e-02	-2.95242e-11	2.962650e-16	3.019859e-16	
785	6.873936e-02	-2.95242e-11	-2.96264e-16	-3.01986e-16	
786	6.883936e-02	-2.95242e-11	2.962640e-16	3.019854e-16	
787	6.893936e-02	-2.95242e-11	-2.96264e-16	-3.01985e-16	
788	6.903936e-02	-2.95242e-11	2.962630e-16	3.019848e-16	
789	6.913936e-02	-2.95242e-11	-2.96263e-16	-3.01985e-16	
790	6.923936e-02	-2.95242e-11	2.962621e-16	3.019842e-16	
791	6.933936e-02	-2.95242e-11	-2.96262e-16	-3.01984e-16	
792	6.943936e-02	-2.95242e-11	2.962611e-16	3.019837e-16	
793	6.953936e-02	-2.95242e-11	-2.96261e-16	-3.01983e-16	
794	6.963936e-02	-2.95242e-11	2.962601e-16	3.019831e-16	
795	6.973936e-02	-2.95242e-11	-2.96260e-16	-3.01983e-16	
796	6.983936e-02	-2.95242e-11	2.962592e-16	3.019826e-16	
797	6.993936e-02	-2.95242e-11	-2.96259e-16	-3.01982e-16	
798	7.003936e-02	-2.95242e-11	2.962582e-16	3.019820e-16	
799	7.010000e-02	-2.95244e-11	-2.96257e-16	-3.01982e-16	
800	7.010421e-02	-2.64623e-09	1.010202e-14	5.457676e-10	
801	7.011263e-02	-8.61115e-06	3.747101e-11	7.784433e-10	
802	7.012948e-02	-1.43751e-04	2.560012e-10	9.860130e-10	
803	7.016316e-02	-2.90377e-04	9.502688e-10	1.232918e-09	
804	7.020000e-02	-9.82429e-12	-5.57541e-10	7.041276e-10	
805	7.020421e-02	1.506888e-11	-4.49482e-11	-1.15184e-11	
806	7.021264e-02	-2.50877e-11	2.203392e-11	-1.11363e-11	
807	7.022949e-02	1.506783e-11	-4.39329e-11	-1.05034e-11	
808	7.026080e-02	-2.50873e-11	2.401832e-11	-9.41073e-12	

Index   time            v.x1.v1#branch  v1#branch       v2#branch       
--------------------------------------------------------------------------------
809	7.032340e-02	5.279870e-12	-3.67116e-11	-3.28211e-12	
810	7.042340e-02	-4.72840e-11	3.642146e-11	2.992016e-12	
811	7.052340e-02	4.157614e-12	-3.61480e-11	-2.71855e-12	
812	7.062340e-02	-4.61374e-11	3.585187e-11	2.422452e-12	
813	7.072340e-02	3.055274e-12	-3.55913e-11	-2.16186e-12	
814	7.082340e-02	-4.52212e-11	3.538496e-11	1.955572e-12	
815	7.092340e-02	2.325525e-12	-3.52200e-11	-1.79066e-12	
816	7.102340e-02	-4.45782e-11	3.506252e-11	1.633143e-12	
817	7.112340e-02	1.706243e-12	-3.49098e-11	-1.48043e-12	
818	7.122340e-02	-4.40123e-11	3.477669e-11	1.347323e-12	
819	7.132340e-02	1.191100e-12	-3.46512e-11	-1.22180e-12	
820	7.142340e-02	-4.35516e-11	3.454349e-11	1.114133e-12	
821	7.152340e-02	8.813647e-13	-3.44882e-11	-1.05885e-12	
822	7.162340e-02	-4.33253e-11	3.443097e-11	1.001615e-12	
823	7.172340e-02	6.183530e-13	-3.43590e-11	-9.29636e-13	
824	7.182340e-02	-4.30316e-11	3.428433e-11	8.549715e-13	
825	7.192340e-02	3.464594e-13	-3.42213e-11	-7.91945e-13	
826	7.202340e-02	-4.28100e-11	3.417164e-11	7.422792e-13	
827	7.212340e-02	1.274125e-13	-3.41131e-11	-6.83722e-13	
828	7.222340e-02	-4.25874e-11	3.405935e-11	6.299914e-13	
829	7.232340e-02	-7.99771e-14	-3.40091e-11	-5.79732e-13	
830	7.242340e-02	-4.24053e-11	3.396702e-11	5.376660e-13	
831	7.252340e-02	-2.51840e-13	-3.39231e-11	-4.93722e-13	
832	7.262340e-02	-4.22417e-11	3.388455e-11	4.551840e-13	
833	7.272340e-02	-4.04162e-13	-3.38470e-11	-4.17606e-13	
834	7.282340e-02	-4.21030e-11	3.381453e-11	3.851672e-13	
835	7.292340e-02	-5.32837e-13	-3.37825e-11	-3.53137e-13	
836	7.302340e-02	-4.19843e-11	3.375458e-11	3.252088e-13	
837	7.312340e-02	-6.42749e-13	-3.37275e-11	-2.98112e-13	
838	7.322340e-02	-4.18841e-11	3.370380e-11	2.744214e-13	
839	7.332340e-02	-7.35675e-13	-3.36810e-11	-2.51599e-13	
840	7.342340e-02	-4.17994e-11	3.366093e-11	2.315482e-13	
841	7.352340e-02	-8.13612e-13	-3.36418e-11	-2.12400e-13	
842	7.362340e-02	-4.17279e-11	3.362489e-11	1.955021e-13	
843	7.372340e-02	-8.79337e-13	-3.36089e-11	-1.79476e-13	
844	7.382340e-02	-4.16676e-11	3.359466e-11	1.652679e-13	
845	7.392340e-02	-9.34293e-13	-3.35813e-11	-1.51877e-13	
846	7.402340e-02	-4.16176e-11	3.356936e-11	1.399583e-13	
847	7.412340e-02	-9.80257e-13	-3.35582e-11	-1.28787e-13	
848	7.422340e-02	-4.15755e-11	3.354821e-11	1.188052e-13	
849	7.432340e-02	-1.01878e-12	-3.35389e-11	-1.09487e-13	
850	7.442340e-02	-4.15405e-11	3.353055e-11	1.011363e-13	
851	7.452340e-02	-1.05087e-12	-3.35228e-11	-9.33757e-14	
852	7.462340e-02	-4.15112e-11	3.351582e-11	8.640214e-14	
853	7.472340e-02	-1.07773e-12	-3.35094e-11	-7.99367e-14	
854	7.482340e-02	-4.14869e-11	3.350353e-11	7.410787e-14	
855	7.492340e-02	-1.09972e-12	-3.34981e-11	-6.87188e-14	
856	7.502340e-02	-4.14668e-11	3.349329e-11	6.385286e-14	
857	7.512340e-02	-1.11848e-12	-3.34888e-11	-5.93623e-14	
858	7.522340e-02	-4.14495e-11	3.348474e-11	5.530272e-14	
859	7.532340e-02	-1.13336e-12	-3.34810e-11	-5.15663e-14	
860	7.542340e-02	-4.14359e-11	3.347763e-11	4.817657e-14	
861	7.552340e-02	-1.14612e-12	-3.34745e-11	-4.50610e-14	
862	7.562340e-02	-4.14237e-11	3.347170e-11	4.223822e-14	
863	7.572340e-02	-1.15734e-12	-3.34691e-11	-3.96453e-14	
864	7.582340e-02	-4.14140e-11	3.346675e-11	3.728863e-14	
865	7.592340e-02	-1.16589e-12	-3.34646e-11	-3.51259e-14	
866	7.602340e-02	-4.14054e-11	3.346263e-11	3.316081e-14	

Index   time            v.x1.v1#branch  v1#branch       v2#branch       
--------------------------------------------------------------------------------
867	7.612340e-02	-1.17366e-12	-3.34608e-11	-3.13629e-14	
868	7.622340e-02	-4.13991e-11	3.345921e-11	2.972402e-14	
869	7.632340e-02	-1.17999e-12	-3.34577e-11	-2.82206e-14	
870	7.642340e-02	-4.13935e-11	3.345634e-11	2.685021e-14	
871	7.652340e-02	-1.18520e-12	-3.34551e-11	-2.55946e-14	
872	7.662340e-02	-4.13890e-11	3.345395e-11	2.444914e-14	
873	7.672340e-02	-1.18964e-12	-3.34529e-11	-2.34028e-14	
874	7.682340e-02	-4.13845e-11	3.345196e-11	2.244884e-14	
875	7.692340e-02	-1.19286e-12	-3.34511e-11	-2.15764e-14	
876	7.702340e-02	-4.13815e-11	3.345030e-11	2.078197e-14	
877	7.712340e-02	-1.19619e-12	-3.34496e-11	-2.00551e-14	
878	7.722340e-02	-4.13788e-11	3.344891e-11	1.939107e-14	
879	7.732340e-02	-1.19864e-12	-3.34483e-11	-1.87852e-14	
880	7.742340e-02	-4.13769e-11	3.344776e-11	1.823061e-14	
881	7.752340e-02	-1.20041e-12	-3.34473e-11	-1.77227e-14	
882	7.762340e-02	-4.13743e-11	3.344680e-11	1.725952e-14	
883	7.772340e-02	-1.20230e-12	-3.34464e-11	-1.68347e-14	
884	7.782340e-02	-4.13724e-11	3.344600e-11	1.644891e-14	
885	7.792340e-02	-1.20374e-12	-3.34456e-11	-1.60959e-14	
886	7.802340e-02	-4.13715e-11	3.344533e-11	1.576999e-14	
887	7.812340e-02	-1.20474e-12	-3.34450e-11	-1.54774e-14	
888	7.822340e-02	-4.13703e-11	3.344477e-11	1.520890e-14	
889	7.832340e-02	-1.20630e-12	-3.34445e-11	-1.49608e-14	
890	7.842340e-02	-4.13693e-11	3.344431e-11	1.473562e-14	
891	7.852340e-02	-1.20719e-12	-3.34441e-11	-1.45322e-14	
892	7.862340e-02	-4.13690e-11	3.344392e-11	1.434269e-14	
893	7.872340e-02	-1.20763e-12	-3.34438e-11	-1.41681e-14	
894	7.882340e-02	-4.13677e-11	3.344360e-11	1.400748e-14	
895	7.892340e-02	-1.20819e-12	-3.34435e-11	-1.38602e-14	
896	7.902340e-02	-4.13672e-11	3.344332e-11	1.372617e-14	
897	7.912340e-02	-1.20852e-12	-3.34432e-11	-1.36049e-14	
898	7.922340e-02	-4.13670e-11	3.344310e-11	1.349163e-14	
899	7.932340e-02	-1.20896e-12	-3.34430e-11	-1.33856e-14	
900	7.942340e-02	-4.13664e-11	3.344290e-11	1.328993e-14	
901	7.952340e-02	-1.20952e-12	-3.34428e-11	-1.32042e-14	
902	7.962340e-02	-4.13662e-11	3.344275e-11	1.312217e-14	
903	7.972340e-02	-1.20974e-12	-3.34427e-11	-1.30463e-14	
904	7.982340e-02	-4.13662e-11	3.344261e-11	1.298007e-14	
905	7.992340e-02	-1.21018e-12	-3.34426e-11	-1.29225e-14	
906	8.000000e-02	-4.13656e-11	3.344249e-11	1.285174e-14	
907	8.000868e-02	-4.50217e-07	-2.87946e-11	-7.72039e-10	
908	8.002603e-02	-1.39688e-04	-3.47890e-10	-1.13743e-09	
909	8.006073e-02	-2.73860e-04	-8.21654e-10	-1.13901e-09	
910	8.010000e-02	2.288213e-10	5.506086e-10	-4.89726e-10	
911	8.010251e-02	-2.95246e-11	3.762479e-15	1.966807e-15	
912	8.010754e-02	-2.95248e-11	-3.56571e-15	-1.82701e-15	
913	8.011759e-02	-2.95246e-11	3.565679e-15	1.826992e-15	
914	8.013769e-02	-2.95242e-11	-3.56566e-15	-1.82698e-15	
915	8.017789e-02	-2.95244e-11	3.565653e-15	1.826978e-15	
916	8.025829e-02	-2.95246e-11	-3.56565e-15	-1.82698e-15	
917	8.035829e-02	-2.95242e-11	3.565645e-15	1.826974e-15	
918	8.045829e-02	-2.95242e-11	-3.56564e-15	-1.82697e-15	
919	8.055829e-02	-2.95242e-11	3.565638e-15	1.826970e-15	
920	8.065829e-02	-2.95242e-11	-3.56563e-15	-1.82697e-15	
921	8.075829e-02	-2.95242e-11	3.565631e-15	1.826966e-15	
922	8.085829e-02	-2.95242e-11	-3.56563e-15	-1.82696e-15	
923	8.095829e-02	-2.95242e-11	3.565624e-15	1.826962e-15	
924	8.105829e-02	-2.95242e-11	-3.56562e-15	-1.82696e-15	

Index   time            v.x1.v1#branch  v1#branch       v2#branch       
--------------------------------------------------------------------------------
925	8.115829e-02	-2.95242e-11	3.565617e-15	1.826958e-15	
926	8.125829e-02	-2.95242e-11	-3.56561e-15	-1.82696e-15	
927	8.135829e-02	-2.95242e-11	3.565610e-15	1.826955e-15	
928	8.145829e-02	-2.95242e-11	-3.56561e-15	-1.82695e-15	
929	8.155829e-02	-2.95242e-11	3.565603e-15	1.826951e-15	
930	8.165829e-02	-2.95242e-11	-3.56560e-15	-1.82695e-15	
931	8.175829e-02	-2.95242e-11	3.565596e-15	1.826947e-15	
932	8.185829e-02	-2.95242e-11	-3.56559e-15	-1.82695e-15	
933	8.195829e-02	-2.95242e-11	3.565589e-15	1.826943e-15	
934	8.205829e-02	-2.95242e-11	-3.56559e-15	-1.82694e-15	
935	8.215829e-02	-2.95242e-11	3.565582e-15	1.826940e-15	
936	8.225829e-02	-2.95242e-11	-3.56558e-15	-1.82694e-15	
937	8.235829e-02	-2.95242e-11	3.565575e-15	1.826936e-15	
938	8.245829e-02	-2.95242e-11	-3.56557e-15	-1.82693e-15	
939	8.255829e-02	-2.95242e-11	3.565568e-15	1.826932e-15	
940	8.265829e-02	-2.95242e-11	-3.56556e-15	-1.82693e-15	
941	8.275829e-02	-2.95242e-11	3.565561e-15	1.826928e-15	
942	8.285829e-02	-2.95242e-11	-3.56556e-15	-1.82693e-15	
943	8.295829e-02	-2.95242e-11	3.565554e-15	1.826924e-15	
944	8.305829e-02	-2.95242e-11	-3.56555e-15	-1.82692e-15	
945	8.310000e-02	-2.95248e-11	3.565542e-15	1.826918e-15	
946	8.310308e-02	-7.85490e-10	5.473364e-10	7.969204e-16	
947	8.310925e-02	-8.45944e-07	5.872841e-10	2.700720e-12	
948	8.312158e-02	-6.48562e-05	1.204279e-09	9.966906e-11	
949	8.313799e-02	-2.54995e-04	9.019822e-10	1.575628e-10	
950	8.315877e-02	-2.14810e-04	1.653340e-09	3.701338e-10	
951	8.318785e-02	-7.53192e-06	1.230339e-10	-3.94123e-10	
952	8.320000e-02	-1.81874e-09	1.428642e-09	3.912513e-10	
953	8.320278e-02	-1.52202e-11	4.595374e-15	9.268399e-16	
954	8.320835e-02	-1.52089e-11	-4.59942e-15	-9.27773e-16	
955	8.321949e-02	-1.52200e-11	4.597445e-15	9.280197e-16	
956	8.324176e-02	-1.52086e-11	-4.59744e-15	-9.28018e-16	
957	8.328631e-02	-1.52205e-11	4.597431e-15	9.280167e-16	
958	8.337541e-02	-1.52086e-11	-4.59743e-15	-9.28016e-16	
959	8.347541e-02	-1.52201e-11	4.597427e-15	9.280157e-16	
960	8.357541e-02	-1.52086e-11	-4.59742e-15	-9.28015e-16	
961	8.367541e-02	-1.52199e-11	4.597423e-15	9.280149e-16	
962	8.377541e-02	-1.52085e-11	-4.59742e-15	-9.28014e-16	
963	8.387541e-02	-1.52200e-11	4.597418e-15	9.280140e-16	
964	8.397541e-02	-1.52082e-11	-4.59742e-15	-9.28014e-16	
965	8.407541e-02	-1.52203e-11	4.597414e-15	9.280130e-16	
966	8.417541e-02	-1.52086e-11	-4.59741e-15	-9.28013e-16	
967	8.427541e-02	-1.52202e-11	4.597410e-15	9.280121e-16	
968	8.437541e-02	-1.52086e-11	-4.59741e-15	-9.28012e-16	
969	8.447541e-02	-1.52199e-11	4.597406e-15	9.280112e-16	
970	8.457541e-02	-1.52088e-11	-4.59740e-15	-9.28011e-16	
971	8.467541e-02	-1.52199e-11	4.597402e-15	9.280103e-16	
972	8.477541e-02	-1.52086e-11	-4.59740e-15	-9.28010e-16	
973	8.487541e-02	-1.52200e-11	4.597398e-15	9.280095e-16	
974	8.497541e-02	-1.52086e-11	-4.59740e-15	-9.28009e-16	
975	8.507541e-02	-1.52201e-11	4.597393e-15	9.280086e-16	
976	8.517541e-02	-1.52088e-11	-4.59739e-15	-9.28008e-16	
977	8.527541e-02	-1.52200e-11	4.597389e-15	9.280077e-16	
978	8.537541e-02	-1.52087e-11	-4.59739e-15	-9.28007e-16	
979	8.547541e-02	-1.52201e-11	4.597385e-15	9.280068e-16	
980	8.557541e-02	-1.52086e-11	-4.59738e-15	-9.28006e-16	
981	8.567541e-02	-1.52199e-11	4.597381e-15	9.280059e-16	
982	8.577541e-02	-1.52086e-11	-4.59738e-15	-9.28005e-16	

Index   time            v.x1.v1#branch  v1#branch       v2#branch       
--------------------------------------------------------------------------------
983	8.587541e-02	-1.52200e-11	4.597377e-15	9.280050e-16	
984	8.597541e-02	-1.52087e-11	-4.59737e-15	-9.28005e-16	
985	8.607541e-02	-1.52198e-11	4.597373e-15	9.280041e-16	
986	8.617541e-02	-1.52088e-11	-4.59737e-15	-9.28004e-16	
987	8.627541e-02	-1.52203e-11	4.597369e-15	9.280033e-16	
988	8.637541e-02	-1.52087e-11	-4.59737e-15	-9.28003e-16	
989	8.647541e-02	-1.52199e-11	4.597364e-15	9.280024e-16	
990	8.657541e-02	-1.52086e-11	-4.59736e-15	-9.28002e-16	
991	8.667541e-02	-1.52200e-11	4.597360e-15	9.280015e-16	
992	8.677541e-02	-1.52087e-11	-4.59736e-15	-9.28001e-16	
993	8.687541e-02	-1.52200e-11	4.597356e-15	9.280006e-16	
994	8.697541e-02	-1.52086e-11	-4.59735e-15	-9.28000e-16	
995	8.707541e-02	-1.52202e-11	4.597352e-15	9.279997e-16	
996	8.717541e-02	-1.52085e-11	-4.59735e-15	-9.27999e-16	
997	8.727541e-02	-1.52200e-11	4.597348e-15	9.279988e-16	
998	8.737541e-02	-1.52086e-11	-4.59735e-15	-9.27998e-16	
999	8.747541e-02	-1.52200e-11	4.597344e-15	9.279979e-16	
1000	8.757541e-02	-1.52086e-11	-4.59734e-15	-9.27997e-16	
1001	8.767541e-02	-1.52200e-11	4.597340e-15	9.279970e-16	
1002	8.777541e-02	-1.52086e-11	-4.59734e-15	-9.27997e-16	
1003	8.787541e-02	-1.52202e-11	4.597335e-15	9.279961e-16	
1004	8.797541e-02	-1.52086e-11	-4.59733e-15	-9.27996e-16	
1005	8.807541e-02	-1.52201e-11	4.597331e-15	9.279952e-16	
1006	8.817541e-02	-1.52087e-11	-4.59733e-15	-9.27995e-16	
1007	8.827541e-02	-1.52200e-11	4.597327e-15	9.279943e-16	
1008	8.837541e-02	-1.52086e-11	-4.59732e-15	-9.27994e-16	
1009	8.847541e-02	-1.52200e-11	4.597323e-15	9.279934e-16	
1010	8.857541e-02	-1.52087e-11	-4.59732e-15	-9.27993e-16	
1011	8.867541e-02	-1.52202e-11	4.597319e-15	9.279925e-16	
1012	8.877541e-02	-1.52087e-11	-4.59732e-15	-9.27992e-16	
1013	8.887541e-02	-1.52200e-11	4.597315e-15	9.279916e-16	
1014	8.897541e-02	-1.52087e-11	-4.59731e-15	-9.27991e-16	
1015	8.907541e-02	-1.52200e-11	4.597310e-15	9.279907e-16	
1016	8.917541e-02	-1.52087e-11	-4.59731e-15	-9.27990e-16	
1017	8.927541e-02	-1.52201e-11	4.597306e-15	9.279898e-16	
1018	8.937541e-02	-1.52086e-11	-4.59730e-15	-9.27989e-16	
1019	8.947541e-02	-1.52200e-11	4.597302e-15	9.279889e-16	
1020	8.957541e-02	-1.52087e-11	-4.59730e-15	-9.27988e-16	
1021	8.967541e-02	-1.52201e-11	4.597298e-15	9.279880e-16	
1022	8.977541e-02	-1.52087e-11	-4.59730e-15	-9.27988e-16	
1023	8.987541e-02	-1.52199e-11	4.597294e-15	9.279871e-16	
1024	8.997541e-02	-1.52087e-11	-4.59729e-15	-9.27987e-16	
1025	9.007541e-02	-1.52199e-11	4.597290e-15	9.279863e-16	
1026	9.010000e-02	-1.52082e-11	-4.59728e-15	-9.27984e-16	
1027	9.010202e-02	-2.99027e-10	-4.37006e-16	5.489319e-10	
1028	9.010607e-02	-2.84310e-10	4.314591e-16	5.342230e-10	
1029	9.011416e-02	-7.27949e-10	-9.88929e-16	9.778742e-10	
1030	9.012454e-02	-5.42363e-10	1.246418e-15	7.923123e-10	
1031	9.014195e-02	-7.26379e-10	-1.30010e-15	9.763845e-10	
1032	9.016907e-02	-5.41362e-10	1.352488e-15	7.915797e-10	
1033	9.020000e-02	-7.72756e-10	-2.35438e-12	8.877378e-10	
1034	9.020437e-02	-1.77149e-11	7.361712e-12	7.361130e-12	
1035	9.021310e-02	-7.59014e-12	-3.89128e-13	-3.89036e-13	
1036	9.023056e-02	-7.24350e-12	7.026947e-13	7.025824e-13	
1037	9.026549e-02	-7.15179e-12	-6.56630e-13	-6.56521e-13	
1038	9.033534e-02	-7.16333e-12	6.540984e-13	6.539892e-13	
1039	9.043534e-02	-7.15579e-12	-6.53274e-13	-6.53165e-13	
1040	9.053534e-02	-7.16068e-12	6.528207e-13	6.527116e-13	

Index   time            v.x1.v1#branch  v1#branch       v2#branch       
--------------------------------------------------------------------------------
1041	9.063534e-02	-7.15712e-12	-6.52560e-13	-6.52451e-13	
1042	9.073534e-02	-7.16068e-12	6.524194e-13	6.523104e-13	
1043	9.083534e-02	-7.15735e-12	-6.52342e-13	-6.52233e-13	
1044	9.093534e-02	-7.16045e-12	6.522995e-13	6.521904e-13	
1045	9.103534e-02	-7.15779e-12	-6.52276e-13	-6.52167e-13	
1046	9.113534e-02	-7.15979e-12	6.522631e-13	6.521540e-13	
1047	9.123534e-02	-7.15801e-12	-6.52256e-13	-6.52147e-13	
1048	9.133534e-02	-7.16023e-12	6.522522e-13	6.521431e-13	
1049	9.143534e-02	-7.15735e-12	-6.52250e-13	-6.52141e-13	
1050	9.153534e-02	-7.16090e-12	6.522489e-13	6.521399e-13	
1051	9.163534e-02	-7.15846e-12	-6.52248e-13	-6.52139e-13	
1052	9.173534e-02	-7.16001e-12	6.522481e-13	6.521391e-13	
1053	9.183534e-02	-7.15779e-12	-6.52248e-13	-6.52139e-13	
1054	9.193534e-02	-7.16045e-12	6.522479e-13	6.521388e-13	
1055	9.203534e-02	-7.15801e-12	-6.52248e-13	-6.52139e-13	
1056	9.213534e-02	-7.16001e-12	6.522478e-13	6.521388e-13	
1057	9.223534e-02	-7.15779e-12	-6.52248e-13	-6.52139e-13	
1058	9.233534e-02	-7.16001e-12	6.522478e-13	6.521387e-13	
1059	9.243534e-02	-7.15779e-12	-6.52248e-13	-6.52139e-13	
1060	9.253534e-02	-7.16045e-12	6.522479e-13	6.521388e-13	
1061	9.263534e-02	-7.15823e-12	-6.52248e-13	-6.52139e-13	
1062	9.273534e-02	-7.16068e-12	6.522478e-13	6.521388e-13	
1063	9.283534e-02	-7.15823e-12	-6.52248e-13	-6.52139e-13	
1064	9.293534e-02	-7.16001e-12	6.522478e-13	6.521388e-13	
1065	9.303534e-02	-7.15757e-12	-6.52248e-13	-6.52139e-13	
1066	9.313534e-02	-7.15979e-12	6.522478e-13	6.521388e-13	
1067	9.323534e-02	-7.15801e-12	-6.52248e-13	-6.52139e-13	
1068	9.333534e-02	-7.16045e-12	6.522479e-13	6.521388e-13	
1069	9.343534e-02	-7.15801e-12	-6.52248e-13	-6.52139e-13	
1070	9.353534e-02	-7.16090e-12	6.522477e-13	6.521386e-13	
1071	9.363534e-02	-7.15823e-12	-6.52248e-13	-6.52139e-13	
1072	9.373534e-02	-7.15979e-12	6.522477e-13	6.521386e-13	
1073	9.383534e-02	-7.15823e-12	-6.52248e-13	-6.52139e-13	
1074	9.393534e-02	-7.16001e-12	6.522476e-13	6.521386e-13	
1075	9.403534e-02	-7.15779e-12	-6.52248e-13	-6.52138e-13	
1076	9.413534e-02	-7.15979e-12	6.522476e-13	6.521386e-13	
1077	9.423534e-02	-7.15779e-12	-6.52248e-13	-6.52139e-13	
1078	9.433534e-02	-7.16001e-12	6.522478e-13	6.521387e-13	
1079	9.443534e-02	-7.15779e-12	-6.52248e-13	-6.52139e-13	
1080	9.453534e-02	-7.16045e-12	6.522477e-13	6.521387e-13	
1081	9.463534e-02	-7.15757e-12	-6.52248e-13	-6.52139e-13	
1082	9.473534e-02	-7.16057e-12	6.522477e-13	6.521387e-13	
1083	9.483534e-02	-7.15801e-12	-6.52248e-13	-6.52139e-13	
1084	9.493534e-02	-7.16045e-12	6.522477e-13	6.521386e-13	
1085	9.503534e-02	-7.15801e-12	-6.52248e-13	-6.52139e-13	
1086	9.513534e-02	-7.16001e-12	6.522477e-13	6.521387e-13	
1087	9.523534e-02	-7.15779e-12	-6.52248e-13	-6.52139e-13	
1088	9.533534e-02	-7.15979e-12	6.522477e-13	6.521386e-13	
1089	9.543534e-02	-7.15779e-12	-6.52248e-13	-6.52139e-13	
1090	9.553534e-02	-7.15979e-12	6.522476e-13	6.521385e-13	
1091	9.563534e-02	-7.15757e-12	-6.52248e-13	-6.52139e-13	
1092	9.573534e-02	-7.16001e-12	6.522477e-13	6.521386e-13	
1093	9.583534e-02	-7.15779e-12	-6.52248e-13	-6.52139e-13	
1094	9.593534e-02	-7.16068e-12	6.522477e-13	6.521386e-13	
1095	9.603534e-02	-7.15801e-12	-6.52248e-13	-6.52139e-13	
1096	9.613534e-02	-7.15979e-12	6.522477e-13	6.521387e-13	
1097	9.623534e-02	-7.15779e-12	-6.52248e-13	-6.52139e-13	
1098	9.633534e-02	-7.15979e-12	6.522477e-13	6.521387e-13	

Index   time            v.x1.v1#branch  v1#branch       v2#branch       
--------------------------------------------------------------------------------
1099	9.643534e-02	-7.15735e-12	-6.52248e-13	-6.52139e-13	
1100	9.653534e-02	-7.16090e-12	6.522476e-13	6.521385e-13	
1101	9.663534e-02	-7.15801e-12	-6.52248e-13	-6.52139e-13	
1102	9.673534e-02	-7.16045e-12	6.522479e-13	6.521388e-13	
1103	9.683534e-02	-7.15801e-12	-6.52248e-13	-6.52139e-13	
1104	9.693534e-02	-7.15990e-12	6.522477e-13	6.521387e-13	
1105	9.703534e-02	-7.15735e-12	-6.52248e-13	-6.52139e-13	
1106	9.713534e-02	-7.16090e-12	6.522478e-13	6.521388e-13	
1107	9.723534e-02	-7.15823e-12	-6.52248e-13	-6.52139e-13	
1108	9.733534e-02	-7.16045e-12	6.522478e-13	6.521388e-13	
1109	9.743534e-02	-7.15823e-12	-6.52248e-13	-6.52139e-13	
1110	9.753534e-02	-7.16045e-12	6.522476e-13	6.521385e-13	
1111	9.763534e-02	-7.15801e-12	-6.52248e-13	-6.52138e-13	
1112	9.773534e-02	-7.16001e-12	6.522476e-13	6.521385e-13	
1113	9.783534e-02	-7.15757e-12	-6.52248e-13	-6.52139e-13	
1114	9.793534e-02	-7.16045e-12	6.522476e-13	6.521386e-13	
1115	9.803534e-02	-7.15801e-12	-6.52248e-13	-6.52139e-13	
1116	9.813534e-02	-7.16068e-12	6.522478e-13	6.521387e-13	
1117	9.823534e-02	-7.15779e-12	-6.52248e-13	-6.52139e-13	
1118	9.833534e-02	-7.16068e-12	6.522478e-13	6.521387e-13	
1119	9.843534e-02	-7.15801e-12	-6.52248e-13	-6.52139e-13	
1120	9.853534e-02	-7.15957e-12	6.522478e-13	6.521387e-13	
1121	9.863534e-02	-7.15779e-12	-6.52248e-13	-6.52139e-13	
1122	9.873534e-02	-7.16045e-12	6.522477e-13	6.521387e-13	
1123	9.883534e-02	-7.15801e-12	-6.52248e-13	-6.52139e-13	
1124	9.893534e-02	-7.16001e-12	6.522477e-13	6.521386e-13	
1125	9.900000e-02	-7.15827e-12	-6.52248e-13	-6.52139e-13	
1126	9.901000e-02	6.343081e-10	-7.17757e-10	2.281914e-11	
1127	9.903000e-02	6.153196e-10	-6.86928e-10	3.125185e-11	
1128	9.907000e-02	6.180697e-10	-6.93572e-10	2.739204e-11	
1129	9.910000e-02	3.969804e-10	-4.68461e-10	3.247652e-11	
1130	9.910146e-02	-3.44101e-11	6.595812e-12	6.594231e-12	
1131	9.910437e-02	-2.10837e-11	-9.73488e-14	-9.63729e-14	
1132	9.911020e-02	-2.18557e-11	2.877182e-13	2.866612e-13	
1133	9.912185e-02	-2.11505e-11	-6.98549e-14	-6.88206e-14	
1134	9.914516e-02	-2.13490e-11	3.159683e-14	3.056438e-14	
1135	9.919177e-02	-2.12514e-11	-1.90893e-14	-1.80586e-14	
1136	9.928500e-02	-2.13224e-11	1.786487e-14	1.683417e-14	
1137	9.938500e-02	-2.12571e-11	-1.60980e-14	-1.50675e-14	
1138	9.948500e-02	-2.13162e-11	1.467264e-14	1.364217e-14	
1139	9.958500e-02	-2.12626e-11	-1.33698e-14	-1.23394e-14	
1140	9.968500e-02	-2.13110e-11	1.218543e-14	1.115513e-14	
1141	9.978500e-02	-2.12670e-11	-1.11008e-14	-1.00706e-14	
1142	9.988500e-02	-2.13070e-11	1.011309e-14	9.082929e-15	
1143	9.998500e-02	-2.12710e-11	-9.20933e-15	-8.17924e-15	
1144	1.000000e-01	-2.12967e-11	4.823223e-15	3.793429e-15	
